source_id,Mecayotl,Olivares+2018,Meingast+2021,l,b,ra,ra_error,dec,dec_error,parallax,parallax_error,pmra,pmra_error,pmdec,pmdec_error,pmra_pmdec_corr,ra_dec_corr,ra_parallax_corr,ra_pmra_corr,ra_pmdec_corr,dec_parallax_corr,dec_pmra_corr,dec_pmdec_corr,parallax_pmra_corr,parallax_pmdec_corr,g,bp,rp,g_error,bp_error,rp_error,dr3_radial_velocity,dr3_radial_velocity_error,ruwe,astrometric_excess_noise,astrometric_params_solved,bp_rp,g_rp,Jmag,Hmag,Kmag,e_Jmag,e_Hmag,e_Kmag,gmag,e_gmag,rmag,e_rmag,imag,e_imag,zmag,e_zmag,ymag,e_ymag,Name,EPIC,RAJ2000,DEJ2000,Vmag,J-K,Per,Amp,l_WLi,WLi,e_WLi,Teff,ALi,e_ALi,Bin,SimbadName,Teff_x,logg,[Fe/H],A0,AG,ABP,ARP,E(BP-RP),Rad,Lib,angDist
66787119410915072,true,true,true,166.2107333720569,-23.276099014684853,56.662143404284386,0.014996766,24.5201075850397,0.00907319,7.412614947686768,0.013819418,20.23976526440455,0.02095666,-46.04620425308153,0.012448456,-0.33870143,-0.24083485,-0.03574336,-0.15822081,-0.003506204,-0.113915116,-0.033034757,0.17014834,-0.009452562,0.06428376,12.868829,13.571247,12.058481,6.319717075235529E-4,0.002281993558274772,0.0014619046362637695,5.178744,0.957283,0.9290448,0.040784765,31,1.5127659,0.81034756,11.042,10.438,10.286,0.02,0.017,0.017,13.8749,0.0031,13.069,,12.623,,12.345,,12.1753,0.0076,HII1110,211097402,56.66201,24.52033,13.29,0.829,7.4791,0.028,,21.0,10.0,4100.0,0.0,0.098,,Cl* Melotte 22 HII 1110,4410.539,4.6123,0.0782,0.3372,0.2529,0.3308,0.1975,0.1333,0.6756,MARCS,0.0
64977705525131904,true,true,true,167.01408785130192,-24.10553023592171,56.64730542253092,0.018675014,23.41153106180494,0.012227253,7.223361814603207,0.018994845,20.296996397713922,0.025167681,-44.83110777745387,0.01568919,-0.08217668,-0.02917882,-0.12499425,-0.12290685,-0.10899546,-0.12680659,-0.12840202,0.21790092,0.09927144,0.111241125,14.081177,15.108032,13.074501,0.0011870179461012048,0.004880157056338456,0.002660157678630501,-13.442302,8.021964,1.008254,0.0,31,2.0335312,1.0066757,11.66,10.943,10.738,0.021,0.021,0.018,15.479,0.01,14.2554,0.0073,13.4964,0.0106,13.1308,0.0112,12.8663,9.0E-4,HII1103,211027775,56.6472,23.41173,14.77,0.969,0.7424,0.05,<,20.0,,3000.0,0.0,0.077,,Cl* Melotte 22 HII 1103,3664.9885,4.3876,-0.7217,0.51,0.3548,0.4862,0.2896,0.1966,0.6866,PHOENIX,0.0
65195404530870144,true,true,true,166.4018348823271,-23.9592800527066,56.30266024809251,0.18713944,23.895691099262624,0.1378356,7.440590196934589,0.20410578,19.701211898142223,0.21620387,-45.37883391111224,0.16133049,0.14953922,0.1147536,0.36349204,-0.18295811,0.22448045,-0.092325926,0.18564323,0.2696451,0.1505263,0.010215855,18.358519,20.278824,16.989515,0.002366734758049031,0.12484768189106324,0.013448656264907256,,,1.0535712,0.6545148,95,3.2893085,1.3690033,14.897,14.317,13.889,0.038,0.041,0.042,21.0119,0.0691,19.6506,0.0104,17.6433,0.0062,16.7146,0.0064,16.2327,0.0072,HHJ14,211057685,56.30254,23.89588,,0.949,0.2594,0.016,<,18.0,,3000.0,0.0,0.088,,Cl* Melotte 22 HHJ 14,,,,,,,,,,,0.0
64942001460286080,true,true,true,167.53035136085407,-23.713150067107506,57.315180555656895,0.11725695,23.38016998746235,0.07940402,7.436806910305677,0.12998131,20.16036278151955,0.15636723,-46.2237778208242,0.107248604,0.15764633,0.068325676,0.20359935,-0.12492269,-0.04385569,-0.23022595,0.019039625,0.50930685,0.049528237,-0.27417856,17.678764,19.68008,16.341398,0.0014454625890499468,0.04756497908012457,0.004424787626874362,,,1.0598555,0.6281734,95,3.3386822,1.3373661,14.359,13.718,13.463,0.03,0.031,0.037,20.0825,0.0249,18.8074,0.0111,16.9737,0.0022,16.1268,0.0031,15.6936,0.0043,HHJ36,211025773,57.31506,23.38038,19.47,0.93,0.5256,0.032,<,50.0,,3000.0,0.176,0.013,,Cl* Melotte 22 HHJ 36,3131.13,4.9517,0.1031,1.0723,0.6435,1.027,0.566,0.4613,0.3025,MARCS,0.0
64433924008996224,true,true,true,167.18707489195108,-25.46958674529145,55.77717985381962,0.15896906,22.296885504686884,0.10839567,7.3240443819797765,0.19123901,21.336419854613755,0.215343,-45.52372247340733,0.13403644,0.042371783,0.020648792,0.19254807,-0.065923385,0.0060022613,-0.36394802,-0.025375314,0.46866402,0.23782219,-0.25565806,18.143532,20.263266,16.782202,0.0022569667175304647,0.08774999566372158,0.00876677106656918,,,0.87113947,0.0,95,3.4810638,1.36133,14.739,14.147,13.789,0.032,0.037,0.042,20.7418,0.0281,19.3306,0.0126,17.4146,0.0069,16.5266,0.0037,16.0762,0.0035,HHJ18,210957162,55.77705,22.29707,19.99,0.949,0.1748,0.03,<,50.0,,3000.0,0.176,0.016,,Cl* Melotte 22 HHJ 18,3092.2827,4.9775,0.0623,1.4341,0.8473,1.364,0.752,0.6117,0.2738,MARCS,0.0
66811450402457216,true,true,true,165.96115063542177,-23.12590184527289,56.585399836649145,0.014623404,24.785282982842787,0.010693379,7.454756179233914,0.016104769,18.583779121327936,0.019467436,-45.18087140683727,0.014230603,0.10169201,0.10598183,0.07080461,-0.14180967,0.0027668194,-0.2218202,0.001947917,0.20282705,-0.0177414,-0.044093713,13.337562,14.147645,12.4529915,8.500311872032241E-4,0.003330146795623564,0.0020785688192983182,2.5587225,2.4863913,1.0836929,0.029947245,31,1.6946535,0.8845701,11.298,10.658,10.498,0.02,0.017,0.019,14.517,0.0069,13.4331,0.013,13.043,,12.703,,12.4836,0.0086,HII974,211113696,56.58531,24.78548,13.96,0.8,6.3758,0.024,,33.0,8.0,4216.0,0.203,0.083,,Cl* Melotte 22 HII 974,,,,,,,,,,,0.0
68294554148575232,true,true,true,165.74196659940128,-23.830791498339675,55.90390788823755,0.015741024,24.39378107217672,0.011202042,7.396111724020851,0.018691756,19.55133983597039,0.018595636,-44.492940934097646,0.013181884,0.0825046,0.017929507,0.3518635,-0.0021420468,-0.013477315,-0.30343035,-0.04099137,0.32687348,0.21714717,-0.13369022,13.636955,14.524401,12.698147,0.001147656470958797,0.004594651712960927,0.003169940777692085,2.5946543,4.416079,1.0529833,0.0,31,1.8262539,0.93880844,11.516,10.832,10.65,0.023,0.028,0.026,14.797,0.0053,13.7356,0.0017,13.3,,12.951,,12.5712,0.0032,HII133,211089274,55.90384,24.39394,14.26,0.839,1.3696,0.022,,55.0,5.0,4060.0,0.285,0.063,,Cl* Melotte 22 HII 133,4174.9453,4.6598,0.0273,0.5665,0.4073,0.5473,0.3258,0.2215,0.6273,PHOENIX,0.0
64001339197473408,,,,,,56.99190698107,0.26489999890327454,22.11399397556,0.1965000033378601,7.5988,0.2766000032424927,19.984,0.3199999928474426,-46.5,0.24400000274181366,-0.20149999856948853,0.06539999693632126,0.20000000298023224,-0.20149999856948853,0.12370000034570694,-0.1420000046491623,0.11249999701976776,0.1445000022649765,0.013899999670684338,0.02290000021457672,19.091861724853516,21.228342056274414,17.685474395751953,0.004313999786973,0.12077700346708298,0.01656699925661087,,,1.0770000219345093,1.1100000143051147,95,3.54286789894104,1.4063869714736938,15.315,14.764,14.319,0.053,0.069,0.066,22.1077,0.0067,20.6327,0.0346,18.3719,0.0042,17.3474,0.0045,16.7906,0.0095,BPL163,,56.991825,22.114128,,,,,,70.0,10.0,2800.0,0.353,,,--,,,,,,,,,,,0.0
69933852969722240,,,,,,55.98342811525,0.26649999618530273,25.60688604171,0.18119999766349792,7.6132,0.29910001158714294,22.034,0.3160000145435333,-46.557,0.2029999941587448,-0.11069999635219574,-0.06019999831914902,0.34529998898506165,-0.11069999635219574,-0.04270000010728836,-0.2930999994277954,-0.12309999763965607,0.29159998893737793,0.2159000039100647,-0.056699998676776886,19.03093147277832,21.055377960205078,17.594924926757812,0.003920000046491623,0.15218399465084076,0.01108499988913536,,,0.9240000247955322,0.45899999141693115,95,3.4604530334472656,1.436007022857666,15.32,14.721,14.287,0.05,0.07,0.057,21.7024,0.0879,20.608,0.0154,18.3322,0.0047,17.3048,0.0035,16.7531,0.0075,LZJ-50,,55.98334,25.607027,,,,,,70.0,10.0,2800.0,0.353,,,--,,,,,,,,,,,0.0
65125864716379264,true,true,true,165.80193658016472,-24.8444408188875,55.21373303656764,0.014883566,23.59821916838355,0.010567537,7.522153825366353,0.017643074,21.13498186162849,0.017057333,-45.75717959178242,0.012303779,0.20823711,0.117016844,0.40428755,-0.07139709,-0.0763989,-0.23935235,-0.13632838,0.116304286,0.26089564,-0.02513205,12.452076,13.067136,11.703961,0.0013021876184717207,0.004488813338597828,0.0033305346984196034,4.40422,0.63143545,1.1481409,0.072325215,31,1.3631744,0.7481146,10.735,10.209,10.083,0.02,0.023,0.019,13.09,,12.354,,12.048,,11.88,,11.786,,DH156,211039307,55.21359,23.59843,12.79,0.65,8.333334,0.085,<,15.0,,4708.0,0.498,0.092,,Cl* Melotte 22 DH 156,4578.545,4.5954,0.0121,0.24,0.1838,0.238,0.1414,0.0966,0.7012,MARCS,0.0
65750627840192256,true,true,true,168.36418180185015,-22.448823979049486,58.870949393255714,0.014308096,23.772242308625067,0.0086988425,7.250917408676775,0.015259131,17.75908308968357,0.018393671,-44.95246810382396,0.0114627825,0.03699063,0.0075053386,0.18324924,-0.20330122,-0.077522315,-0.2264107,-0.05009866,0.49531102,0.11469931,-0.23957375,13.494305,14.329623,12.594611,0.0013763877838509986,0.005099586370101318,0.0034201980849326743,0.9218699,2.3397114,1.1209916,0.0,31,1.735012,0.8996935,11.419,10.784,10.593,0.023,0.025,0.02,14.6866,0.0011,13.739,0.1356,13.3542,0.001,12.8759,0.0365,12.5635,0.0036,PELS192,211049922,58.87085,23.77245,14.12,0.829,3.0184,0.075,,80.0,10.0,4100.0,0.532,0.071,,Cl* Melotte 22 PELS 192,4167.1895,4.6302,0.053,0.4409,0.3207,0.4278,0.2552,0.1726,0.6385,MARCS,0.0
64959662365552384,true,true,true,167.2502824825011,-24.159428190102012,56.78069149429426,0.014632826,23.226156744121546,0.010184579,7.309612988988913,0.015793763,19.295192861656584,0.018829763,-45.43850995081102,0.013172669,0.22496657,0.18588796,-0.100281484,-0.2550338,0.061743565,-0.24678579,0.06646005,0.276959,0.050867826,-0.114911854,13.143335,13.889277,12.292398,0.0025321022790325055,0.009749102841969106,0.006451000940270826,-21.744072,13.518519,1.0686795,0.0,31,1.596879,0.8509369,11.155,10.511,10.364,0.021,0.025,0.018,14.171,0.0123,13.031,,12.645,,12.425,,12.2858,0.0176,HII1305,211015877,56.7806,23.22633,13.52,0.78,0.3889,0.12,<,60.0,,4292.0,0.582,0.091,,Cl* Melotte 22 HII 1305,4374.448,4.5981,-0.3061,0.5444,0.4043,0.5325,0.3174,0.2151,0.6564,PHOENIX,0.0
65680499614460800,true,true,true,168.05312798526217,-23.320014198730416,57.989007972376015,0.014527203,23.3392212985117,0.008449371,7.484240264221193,0.014865068,20.844310650459583,0.018879486,-46.48490377044484,0.011128478,-0.008198511,0.10145266,0.088979855,-0.2635892,0.08762616,-0.049851917,0.032272954,0.6083004,0.15988456,-0.18027179,12.713165,13.387769,11.922517,0.0010789046525849087,0.004169782255145083,0.002168700657211842,5.42941,1.0144212,1.0727754,0.06786019,31,1.4652519,0.79064846,10.986,10.353,10.198,0.024,0.023,0.02,13.7084,0.0087,12.803,,12.437,,12.234,,12.0359,0.003,HII3187,211023176,57.98889,23.33943,13.15,0.789,7.3022,0.049,,71.0,10.0,4254.0,0.62,0.084,,Cl* Melotte 22 HII 3187,4513.3555,4.659,0.2312,0.2721,0.2049,0.2672,0.1596,0.1076,0.6684,PHOENIX,0.0
65281166437426176,true,true,true,166.16666510857755,-23.604889209454175,56.387342327527634,0.016386975,24.303034287977688,0.012422266,7.522663209747789,0.017934922,20.256423623849187,0.022203077,-45.16538946574379,0.015791336,0.23622979,0.2489084,0.094226204,-0.24140064,-0.018992012,-0.12945747,-0.032431725,0.19617496,0.1416756,-0.09767734,12.989489,13.737245,12.144871,0.0035393244864606282,0.012633464551316483,0.007634466803620761,-5.3023787,6.4750643,1.2143942,0.08724687,31,1.5923738,0.84461784,11.084,10.416,10.235,0.026,0.033,0.019,14.1053,0.002,13.123,0.0156,13.446,,12.798,,12.1952,0.0032,HII686,211083408,56.38722,24.30324,13.52,0.84,0.3976,0.075,,150.0,20.0,4060.0,0.926,0.068,,Cl* Melotte 22 HII 686,4830.355,4.6528,-0.3939,1.0828,0.8285,1.0801,0.6356,0.4445,0.6394,MARCS,0.0
64989490915460608,true,true,true,167.23824290967661,-23.78809597139429,57.04583326091851,0.017033622,23.506811183809983,0.012002606,7.318953310037485,0.019202262,19.7071210125859,0.020182494,-44.53956232297974,0.0153440535,0.328655,0.24599178,0.37863377,-0.15409732,0.023019304,-0.117476456,0.05979275,0.30304492,0.078945965,-0.0826664,13.712051,14.600283,12.782841,0.001478260020610398,0.006034251628842186,0.0033698292166074047,-6.0418634,6.5191407,1.0550884,0.0,31,1.8174419,0.92921066,11.492,10.848,10.702,0.02,0.022,0.018,14.968,0.0031,13.7694,0.0055,13.081,,12.81,,12.7042,0.0011,HII1756,211033726,57.04577,23.50702,14.1,0.84,8.1854,0.013,,150.0,20.0,4060.0,0.926,0.067,,Cl* Melotte 22 HII 1756,4095.344,4.6733,0.0514,0.5165,0.3715,0.4996,0.2975,0.2021,0.6118,MARCS,0.0
66799768088857856,true,true,true,166.08173025255414,-23.325767730469174,56.52886446572594,0.016426908,24.562605127900447,0.010414129,7.375676434135071,0.016680803,19.40326285830028,0.02380375,-46.97160287418177,0.013827605,-0.20772019,0.009275136,-0.19842586,-0.22484627,0.08686169,-0.017013349,-0.023786709,0.25274935,0.04532492,-0.1004531,12.692504,13.357429,11.910682,7.18649916640768E-4,0.002299062409710832,0.001577968927645994,6.4445233,1.8583473,1.0467386,0.041923758,31,1.4467468,0.7818222,11.013,10.351,10.25,0.026,0.029,0.023,13.5954,0.02,12.8993,0.1991,12.901,,12.489,,12.0116,0.0043,HII883,211100131,56.52874,24.5628,13.05,0.619,7.9101,0.029,,45.0,10.0,4813.0,1.147,0.092,,Cl* Melotte 22 HII 883,4528.0547,4.6048,0.0504,0.3711,0.2815,0.3662,0.2181,0.1481,0.6895,MARCS,0.0
66633668819824128,,,,,,58.84624130327,0.4300000071525574,24.81791754784,0.2524999976158142,6.8654,0.4693000018596649,19.828,0.4909999966621399,-44.868,0.33399999141693115,0.03920000046491623,0.05139999836683273,0.5181999802589417,0.03920000046491623,-0.07859999686479568,-0.12020000070333481,-0.0364999994635582,0.5651000142097473,0.14560000598430634,-0.16110000014305115,19.529890060424805,21.234146118164062,18.111804962158203,0.0045090001076459885,0.1749809980392456,0.022033000364899635,,,1.0959999561309814,1.5,95,3.1223409175872803,1.418084979057312,15.578,14.87,14.831,0.055,0.072,0.131,18.225,,21.2677,0.0542,18.8592,0.0073,17.7138,0.0068,17.0908,0.0062,BPL327,,58.846134,24.818094,,,,,,200.0,10.0,2700.0,1.166,,,"HHJ I-14, PLZJ78",,,,,,,,,,,0.0
65010549138050944,true,true,true,166.90850064555994,-23.78379239415998,56.80648230098543,0.012279095,23.714085620776036,0.009279595,7.417636325472424,0.013752326,19.730513631399994,0.016473472,-45.608867809732224,0.011239885,0.12029361,0.094178714,0.06724554,-0.27029774,0.01802577,-0.25481078,-0.0703132,0.0074217096,0.31585258,0.06603869,12.215946,12.771295,11.5096445,0.0012180727443943413,0.003982437003402595,0.003191344376328579,5.9296613,0.54778653,0.9788415,0.054326482,31,1.2616501,0.7063017,10.624,10.148,10.009,0.021,0.024,0.018,13.425,,12.592,,12.156,,11.876,,11.755,,HII1332,211046446,56.80637,23.71431,12.53,0.599,7.8496,0.042,,35.0,10.0,4920.0,1.167,0.095,,Cl* Melotte 22 HII 1332,4756.2476,4.6076,-0.0357,0.2164,0.1687,0.217,0.1281,0.089,0.7006,MARCS,0.0
63916431989200256,true,true,true,168.4408252520012,-25.173955213195615,56.89244333570318,0.013679517,21.746606304672703,0.008124028,7.637128618750358,0.014081778,19.064739272210343,0.016833287,-46.162083625654475,0.009613247,-0.050085768,-0.057922985,-0.1670738,-0.36725336,-1.0741259E-4,-0.20757376,-0.054300867,0.2339642,0.37561658,-0.12812456,11.985237,12.519923,11.301289,7.087525576285954E-4,0.0026657983968607205,0.0016740537804651229,7.1419425,0.78666633,0.88940537,0.04065898,31,1.2186346,0.6839485,10.53,10.013,9.895,0.024,0.022,0.018,12.892,,12.156,,11.85,,11.682,,11.588,,PELS066,210922592,56.89234,21.74684,12.32,0.635,7.575758,0.031,,60.0,9.0,4747.0,1.207,0.091,,Cl* Melotte 22 PELS 066,4788.7144,4.5859,0.0344,0.1429,0.1118,0.1435,0.0846,0.0588,0.7322,MARCS,0.0
69822875311156224,true,true,true,165.64774869872923,-23.01962883228628,56.42695832729181,0.012199458,25.056913160793457,0.009401674,6.106456748286809,0.014130936,15.237306856938229,0.0151716145,-38.46025054348271,0.011390645,0.05918401,-0.031039175,0.11017742,-0.1951661,0.06506541,-0.42217106,0.055033304,0.22432263,0.09922124,-0.20152223,13.027423,13.663217,12.253275,0.0019071191885344618,0.006498437965673485,0.004364168998130644,1.5878102,4.057755,0.9665537,0.0,31,1.4099417,0.774148,11.267,10.654,10.504,0.026,0.033,0.021,13.9767,0.0061,13.02,,12.675,,12.487,,12.3889,0.0072,HII740,211129400,56.42687,25.05709,13.4,0.77,2.8396,0.041,,152.0,10.0,4330.0,1.229,0.093,,Cl* Melotte 22 HII 740,4483.5625,4.5226,-0.8429,0.3405,0.2603,0.339,0.2,0.139,0.7177,PHOENIX,0.0
66816295125702144,true,true,true,166.25836359260313,-23.015297795543084,56.8904124483072,0.012011658,24.683996791687626,0.008759946,7.422158629100373,0.013427517,19.582483258933237,0.015437465,-46.27140917710216,0.011355215,0.19984385,0.08315587,0.16113375,-0.089152604,0.029852336,-0.21563007,0.05684979,0.33344737,0.13775945,-0.11316545,12.540388,13.1757765,11.774289,0.0016209400767536624,0.006012445973362245,0.00412025140249268,5.1210036,2.0508575,0.990435,0.051133957,31,1.4014874,0.766099,10.807,10.244,10.128,0.021,0.016,0.02,13.432,,12.607,,12.241,,12.027,,11.909,,HII1454,211107623,56.89032,24.68422,12.86,0.68,8.5982,0.04,,86.0,10.0,4629.0,1.245,0.095,,Cl* Melotte 22 HII 1454,4763.742,4.625,-0.0631,0.5828,0.4493,0.5814,0.3436,0.2377,0.6885,MARCS,0.0
65787289680918528,true,true,true,168.52149815220437,-21.917996370005646,59.38888478791151,0.019367604,24.052986460733216,0.01025031,7.284318379289529,0.019256461,18.76077290795085,0.0236853,-45.312683297975326,0.013181733,0.018783156,0.08437028,-0.11187727,-0.38767672,0.18771763,-0.099067174,0.1349493,0.55715156,0.17288482,-0.23910868,11.822466,12.310161,11.174502,6.051815378397998E-4,0.001629712117033202,0.0013040229937724573,6.951392,0.9596936,1.0724282,0.09564149,31,1.1356583,0.6479635,10.454,9.965,9.861,0.023,0.021,0.016,,,,,14.0624,0.0013,11.4256,0.001,,,PELS162,211067702,59.38879,24.05319,12.11,0.589,7.692308,0.021,,44.0,4.0,4950.0,1.309,0.085,,Cl* Melotte 22 PELS 162,4996.538,4.5745,-0.0274,0.1698,0.1352,0.1724,0.1009,0.0714,0.7535,MARCS,0.0
68310359628169472,true,true,true,165.6095830521391,-23.43766431523551,56.09137691950323,0.01795629,24.768206717219375,0.010935128,7.409644234463458,0.017603276,21.237661235420852,0.025199149,-46.651102602560094,0.014651806,-0.338264,-0.13370785,-0.11148921,-0.27734545,0.07325152,0.0070548025,-0.026681215,0.2300951,0.20828715,0.014315053,12.553257,13.180518,11.786735,0.0015098510510058298,0.005543250465569846,0.003916609494911473,5.5068245,7.139646,1.1281407,0.08333388,31,1.3937836,0.7665224,10.828,10.197,10.07,0.023,0.03,0.022,13.4764,0.0195,13.1179,0.1155,12.3637,0.0225,12.2902,0.0463,11.9121,0.0168,HII324,211112685,56.09127,24.7684,12.99,0.809,0.4114,0.048,,210.0,20.0,4178.0,1.389,0.074,,Cl* Melotte 22 HII 324,4981.953,4.6345,-0.3514,0.8243,0.6432,0.8311,0.4864,0.3448,0.6687,MARCS,0.0
65677372878285312,true,true,true,167.86088857870396,-23.50041496581768,57.71444143460519,0.014915034,23.328868779468966,0.008545135,7.333804587650971,0.016009878,18.888363146076816,0.017318599,-46.332224202292636,0.01137872,0.08324259,0.050937988,0.41869015,-0.041032422,-0.039263718,-0.09855166,0.061134845,0.6759906,0.109978795,-0.23148435,12.194483,12.753522,11.491251,4.349445918778088E-4,0.0014721121424453797,9.408307580129875E-4,6.402642,0.46426123,1.130002,0.07082325,31,1.2622709,0.7032318,10.632,10.108,10.015,0.02,0.022,0.02,,,,,12.6583,0.0518,11.9188,0.001,12.0851,0.001,HII2870,211022539,57.71433,23.3291,12.51,0.609,8.4496,0.011,,69.0,10.0,4867.0,1.436,0.088,,Cl* Melotte 22 HII 2870,4809.111,4.587,-0.0408,0.1622,0.1261,0.1622,0.0959,0.0663,0.7163,PHOENIX,0.0
65208396808627840,true,true,true,166.80431211964301,-23.521908242162635,56.92276375783222,0.015220218,23.97172758846156,0.011431539,7.3675798561772385,0.01742896,20.52465570040364,0.020008793,-45.03220218366824,0.013694794,0.16297047,0.19145988,-0.07056471,-0.2680078,0.045005213,-0.3900104,-0.029047187,0.27265146,0.16885842,-0.09146069,13.007188,13.72062,12.173166,0.001837824649004595,0.007179260978476021,0.004044032299827064,0.8130637,5.5182214,1.0548341,0.063819796,31,1.5474539,0.83402157,11.066,10.461,10.312,0.02,0.017,0.02,13.9433,0.0035,13.2264,0.001,13.1494,0.0048,12.4701,0.001,12.1563,0.0019,HII1531,211062662,56.92265,23.97194,13.58,0.759,0.483,0.076,,100.0,10.0,4367.0,1.548,0.092,,Cl* Melotte 22 HII 1531,4776.6313,4.6305,-0.4462,0.9887,0.7561,0.9859,0.5803,0.4057,0.6392,MARCS,0.0
66747816167123712,true,true,true,166.81090154910567,-22.849633692161557,57.426245257389006,0.016731743,24.462799736001262,0.01028143,7.547732480662261,0.018327165,18.676157331737542,0.020423349,-46.77229142531257,0.012882485,0.06456817,0.094479896,0.23059835,-0.08072672,0.02646017,-0.15055406,-0.006369533,0.5683876,0.28094777,-0.12532659,11.899782,12.410251,11.228242,7.952886385214649E-4,0.002946222209799836,0.0019730442437120767,-3.8785577,4.556401,1.1796322,0.11250675,31,1.1820087,0.67154026,10.355,9.909,9.783,0.021,0.019,0.017,12.6908,0.0,11.9285,0.1213,12.0518,0.0575,13.6577,0.0017,12.4904,0.1908,HII2407,211093684,57.42612,24.46306,12.19,0.652,7.2745,0.046,,125.0,10.0,4700.0,1.588,0.093,SB,Cl* Melotte 22 HII 2407,4875.587,4.5506,-0.2376,0.1674,0.1324,0.1696,0.0993,0.0703,0.7555,MARCS,0.0
65194584193758336,true,true,true,166.41430783948596,-24.02505506274787,56.26375187558317,0.015593884,23.839209317701982,0.011544007,7.434634406907008,0.016497875,20.34332411764256,0.01953231,-45.77202907717511,0.014463554,0.0655717,0.039928705,0.15102091,-0.15390143,0.1823406,-0.2003969,0.1851534,0.24507792,-0.02342078,-0.025833555,11.684071,12.160024,11.048585,5.571984632650581E-4,0.0019173406185251614,0.0013596786410028409,5.071148,1.1666653,1.0351657,0.09874192,31,1.1114388,0.63548565,10.261,9.835,9.73,0.02,0.023,0.018,12.281,,11.685,,11.439,,11.312,,11.25,,HII522,211054027,56.2636,23.83943,11.97,0.586,7.0949,0.014,,77.0,10.0,4958.0,1.613,0.087,SB,Cl* Melotte 22 HII 522,4979.388,4.5569,-0.082,0.0969,0.0773,0.0985,0.0576,0.0409,0.769,MARCS,0.0
65164171528305792,true,true,true,166.7431868836719,-24.249412828210087,56.34254222359188,0.01314822,23.471510349419837,0.0093238875,7.307413485207008,0.014412273,20.223885800497982,0.018050222,-44.65017753769459,0.012163093,0.17132026,0.16997446,-0.049409784,-0.14097115,-0.050564762,-0.04945591,-0.061036218,0.25461096,-0.0761771,-0.1446968,12.190561,12.771814,11.464812,0.0015769701227951972,0.005103569265227396,0.0041542035723121425,5.167601,0.9204473,0.9438896,0.048066575,31,1.3070021,0.725749,10.471,9.959,9.848,0.021,0.018,0.017,12.916,,12.163,,11.829,,11.635,,11.536,,HII636,211031520,56.34248,23.47173,12.4,0.685,8.4849,0.021,,152.0,10.0,4613.0,1.617,0.095,,Cl* Melotte 22 HII 636,5053.1646,4.6246,-0.0238,0.6511,0.5118,0.6572,0.3855,0.2717,0.7268,MARCS,0.0
64936508198907904,true,true,true,167.46867247807046,-23.82211014235247,57.18936995061114,0.01266618,23.33871256339361,0.008829506,7.447798847561577,0.013643309,18.982770188489233,0.016061822,-45.7642685493916,0.011030738,0.13477722,0.053045154,0.090373866,-0.24901189,-0.06157218,-0.26195973,-0.08829768,0.10755577,0.21587217,-0.0315713,12.882789,13.580464,12.075048,8.201228824249246E-4,0.0028077644018490193,0.0019344223621983116,7.5471826,2.648821,0.91519207,0.044295877,31,1.5054159,0.8077402,11.102,10.512,10.335,0.021,0.022,0.017,13.8509,0.0047,13.1745,0.001,12.6765,0.001,12.989,0.0725,12.1195,0.0075,HII2016,211023137,57.18931,23.33887,13.55,0.68,3.92,0.057,,148.0,10.0,4629.0,1.617,0.095,,Cl* Melotte 22 HII 2016,4448.0825,4.6544,0.0982,0.2463,0.1843,0.2414,0.1441,0.0973,0.6498,PHOENIX,0.0
68334235349446528,true,true,true,165.0937317690716,-24.22703514052387,55.12811088560629,0.031457298,24.48711375760909,0.025190823,7.365111276172342,0.03460277,21.815461006644618,0.042333715,-44.1651530708225,0.033278868,0.17682733,0.20222321,-0.048250776,-0.11401256,-0.026482917,-0.18163274,-0.043263018,0.12523392,0.075302966,0.043798443,11.509661,11.9762945,10.868325,0.0013089052353198968,0.0034657023566254572,0.002432488113528885,3.5639086,0.74544907,1.7613467,0.24989124,31,1.1079693,0.6413355,10.082,9.659,9.556,0.019,0.029,0.021,13.123,,12.284,,11.734,,11.331,,11.248,,PELS019,211095259,55.12802,24.4873,11.72,0.524,6.849315,0.022,,49.0,5.0,5168.0,1.622,0.079,,Cl* Melotte 22 PELS 019,5070.7246,4.4933,-0.3018,0.2067,0.1658,0.2113,0.1229,0.0885,0.8434,MARCS,0.0
64934893291213952,true,true,true,167.4436324564555,-23.895336149881086,57.11688600086402,0.012838326,23.300556775545953,0.008645214,7.461381901990386,0.01333222,20.398676841565134,0.016288392,-45.457547140444355,0.010648313,0.13847294,0.02634436,-0.06361419,-0.30852026,0.015669389,-0.30342847,0.051541824,0.19411983,0.051457014,-0.110110715,12.242328,12.824065,11.504954,0.002095879730261148,0.006623840871096042,0.0045230294529844395,4.5226073,6.3443007,1.0005586,0.045662016,31,1.3191109,0.73737335,10.515,9.964,9.836,0.024,0.027,0.017,12.996,,12.204,,11.883,,11.706,,11.597,,HII1883,211020742,57.11678,23.30077,12.66,0.781,0.2353,0.061,,250.0,20.0,4288.0,1.763,0.091,,Cl* Melotte 22 HII 1883,5055.165,4.5825,-0.3377,0.7276,0.5725,0.737,0.4302,0.3068,0.7193,MARCS,0.0
65010239900405504,true,true,true,166.88708369133653,-23.80053834023238,56.77834370556732,0.01424766,23.71495241087836,0.010815544,7.3503939491290735,0.015928173,19.425567035566697,0.017522084,-44.40913844613404,0.012399845,0.112440266,0.109602585,0.18469228,-0.18333933,-0.02899451,-0.25656804,-0.0917091,0.08686139,0.19263886,-0.0058049583,11.99486,12.511447,11.295786,5.329039258573011E-4,0.0017668451839181522,0.001454894122027125,8.528288,0.92294705,1.1385349,0.094271645,31,1.215661,0.6990738,10.421,9.995,9.839,0.022,0.024,0.018,12.6918,0.0127,11.9169,0.0163,11.6865,0.0132,11.4804,0.0115,11.4941,0.001,HII1298,211046494,56.77825,23.71517,12.33,0.555,8.4781,0.014,,91.0,10.0,5048.0,1.822,0.082,VB,Cl* Melotte 22 HII 1298,4868.2427,4.5848,0.063,0.1904,0.1498,0.1918,0.1129,0.0788,0.7434,MARCS,0.0
68398732874994944,true,true,true,164.67318615666468,-25.18307303892972,54.12635880697465,0.0134938685,24.011984796048488,0.009834524,7.033976866053791,0.0136597175,19.756069206650054,0.018121524,-43.167536910950076,0.012663644,-0.035646334,0.0100997165,0.073847644,-0.25773048,-0.065531686,-0.089852564,-0.0827227,-0.044090535,0.10980455,-0.065401845,11.978131,12.501055,11.303301,8.840495335383382E-4,0.002884805161280666,0.002118932489497272,5.3603106,0.8152642,1.1092664,0.07639626,31,1.1977539,0.67483044,10.468,10.026,9.903,0.021,0.022,0.02,,,12.0584,0.0378,11.6392,0.0036,11.4975,0.012,11.6816,0.0012,PELS189,211065162,54.12626,24.01222,12.26,0.567,7.575758,0.035,,118.0,6.0,5011.0,1.948,0.083,,Cl* Melotte 22 PELS 189,4980.345,4.5627,-0.0341,0.3088,0.2444,0.3126,0.1833,0.1293,0.7661,MARCS,0.0
66808869124393600,true,true,true,166.04153996080765,-23.110180952402576,56.65748307121974,0.013928313,24.747477728499646,0.010239881,7.632741644567266,0.015386245,20.422639395318274,0.01794227,-47.62659983841286,0.0128416065,0.05632595,0.113244615,0.051009703,-0.11431008,0.08751168,-0.19883724,0.07615534,0.31595042,-0.07241873,-0.10248224,11.587448,12.0581045,10.955926,7.879426798356523E-4,0.0019099891538332078,0.00163962306024388,4.8971567,0.806183,0.80998343,0.06432142,31,1.1021786,0.6315222,10.217,9.784,9.669,0.02,0.017,0.019,12.571,,11.885,,11.552,,11.347,,11.262,,HII1095,211111496,56.65739,24.74769,11.83,0.593,7.1797,0.014,,138.0,10.0,4939.0,1.974,0.088,,Cl* Melotte 22 HII 1095,5013.249,4.5557,-0.0531,0.0987,0.0789,0.1004,0.0587,0.0417,0.7749,MARCS,0.0
65163797868281088,true,true,true,166.78550125073915,-24.270432396372776,56.358294965270254,0.013370161,23.430022924426066,0.010611392,5.95676284789145,0.015438841,16.15513381249811,0.018952651,-35.83494257628211,0.013794754,0.2740724,0.23136635,-0.08393165,-0.0081718005,0.16046989,-0.31520596,0.20181814,0.5046467,-0.17157221,-0.27536947,11.943017,12.495064,11.226545,0.003170691032487317,0.01103319867717729,0.008461956235404432,3.9185615,2.5181413,0.9288403,0.055479165,31,1.2685184,0.7164717,10.318,9.818,9.704,0.025,0.027,0.024,12.501,,11.821,,11.557,,11.42,,11.34,,HII659,211028956,56.35824,23.4302,12.04,0.644,2.808989,0.059,,197.0,26.0,4723.0,2.026,0.106,"PHB,VB",Cl* Melotte 22 HII 659,5557.915,4.4439,-0.1703,0.9061,0.73,0.9314,0.5384,0.3929,0.8965,MARCS,0.0
66799763794633856,true,true,true,166.07713296684778,-23.323356949301782,56.527189243760176,0.01425678,24.56722164752902,0.009148971,7.359134122682988,0.014687185,19.74939422977356,0.020438882,-46.62428769429713,0.012173225,-0.18304312,-0.024763508,-0.13662665,-0.13512054,-0.012031041,-0.092249,-0.07588105,0.2059606,-0.042048678,-0.10149211,12.414279,13.013465,11.6745825,0.0015491244913833347,0.005447314529313072,0.0036944796329390368,4.7152,1.7373779,0.9501909,0.036521573,31,1.3388824,0.7396965,10.793,10.236,10.113,0.027,0.03,0.019,13.218,0.0147,12.72,,12.305,,12.048,,11.92,,HII879,211100398,56.52706,24.56741,12.79,0.6,7.0484,0.036,,152.0,10.0,4920.0,2.028,0.087,,Cl* Melotte 22 HII 879,4646.3394,4.5921,-0.0608,0.2494,0.1924,0.2486,0.1472,0.1014,0.7028,MARCS,0.0
66957994687842176,true,true,true,166.2660197081905,-22.003796366776506,57.64893550920422,0.023098264,25.4263087706472,0.013229087,7.2922429808358755,0.024515567,18.294899007126467,0.026344167,-44.33948783446367,0.018056903,0.29006898,0.097266875,0.16673508,-0.24772292,-0.0027160281,-0.20063344,0.18196537,0.6635218,0.04869505,-0.30238628,11.730169,12.249611,11.03897,0.0017391908162609781,0.006020464328607624,0.0046349646980344454,7.3792014,6.5996675,1.3848734,0.14150701,31,1.2106409,0.6911993,10.256,9.731,9.582,0.021,0.021,0.017,12.5906,0.0213,11.9358,0.0451,16.413,0.006,11.1888,0.022,13.6196,0.0023,PELS072,211149600,57.64882,25.42651,12.1,0.678,0.314465,0.115,,227.0,20.0,4634.0,2.081,0.104,PHB,Cl* Melotte 22 PELS 072,5389.883,4.5233,-0.2087,0.7414,0.5952,0.7599,0.4404,0.3195,0.802,MARCS,0.0
68317609532996480,true,true,true,165.43686054281835,-23.70967813721297,55.76236248275604,0.014714817,24.6695581256056,0.010169033,7.42177512010508,0.016919572,19.448560594792347,0.020463498,-46.251957092365615,0.013668462,0.3044371,0.1340086,0.07603532,-0.3055748,-0.005880582,-0.28354025,0.020545874,0.27989018,0.25683713,-0.08265992,11.684883,12.169249,11.045845,0.0011449785243867739,0.0037696305865830373,0.0027646644163060435,5.3258505,0.55167395,0.9533442,0.07565221,31,1.1234035,0.6390381,10.275,9.808,9.727,0.023,0.03,0.019,12.097,,11.538,,11.354,,11.279,,11.227,,HII34,211106743,55.76223,24.66973,11.96,0.543,6.6874,0.041,,134.0,10.0,5106.0,2.155,0.082,VB,Cl* Melotte 22 HII 34,5032.214,4.5606,-0.0255,0.186,0.1484,0.1891,0.1106,0.0785,0.7725,MARCS,0.0
65223618172733952,true,true,true,166.57141336498216,-23.638374009717865,56.664208814994886,0.012181222,24.029479832481186,0.009287509,7.316839029051112,0.01424549,20.265107296934566,0.015368688,-46.22769834800418,0.011555679,0.21152431,0.16402538,0.18776655,-0.09449694,0.04559764,-0.26200533,0.05897537,0.34232244,0.09859023,-0.18645498,11.957084,12.480111,11.278872,7.471733296034904E-4,0.0030010878627445767,0.0019763631227540388,4.9527726,0.94593006,0.92620397,0.057077482,31,1.2012396,0.67821217,10.454,9.986,9.859,0.02,0.017,0.02,12.7193,0.0011,12.1395,0.0226,11.7537,0.0177,11.6621,0.0279,11.4679,2.0E-4,HII1124,211066263,56.6641,24.02968,12.32,0.638,6.1296,0.046,,217.0,10.0,4736.0,2.164,0.094,,Cl* Melotte 22 HII 1124,4960.641,4.5632,-0.0497,0.2978,0.2355,0.3013,0.1767,0.1246,0.7448,MARCS,0.0
65194274954079104,,,,,,56.14298769626,0.3100999891757965,23.8566877675,0.2387000024318695,7.8767,0.3393999934196472,20.335,0.4009999930858612,-44.413,0.3009999990463257,-0.16769999265670776,0.23100000619888306,0.13930000364780426,-0.16769999265670776,0.15240000188350677,-0.17810000479221344,0.20800000429153442,0.3919999897480011,-0.015699999406933784,-0.10689999908208847,19.283693313598633,21.270925521850586,17.821043014526367,0.0042849997989833355,0.20797200500965118,0.021772999316453934,,,1.0329999923706055,1.1009999513626099,95,3.449882984161377,1.462649941444397,15.507,14.88,14.459,0.056,0.065,0.061,20.874,,20.9,0.0273,18.6107,0.0063,17.5244,0.0046,16.9196,0.0089,PPL-14,,56.142925,23.856792,,,,,,350.0,10.0,2700.0,2.183,0.498,,--,,,,,,,,,,,0.0
66452769091505024,true,true,true,167.39484808081744,-23.384600337070907,57.459924115814104,0.020071683,23.705388529695107,0.012173622,7.208992297855638,0.020567656,19.586708265427433,0.02696684,-44.02362241603657,0.015924485,-0.020272749,0.06513681,0.043162245,-0.23150174,0.052088488,-0.08018667,-0.0019945279,0.5619747,0.21317172,-0.13173617,11.35299,11.778655,10.758796,7.30778789955936E-4,0.0014667215600505743,0.0010589332731733812,5.565687,0.5212865,1.1626065,0.16186579,31,1.0198593,0.5941944,10.067,9.699,9.595,0.021,0.022,0.018,12.123,,11.55,,11.281,,11.126,,11.064,,HII2462,211045933,57.45982,23.70563,11.49,0.494,6.8472,0.019,,110.3,10.0,5274.0,2.211,0.078,,Cl* Melotte 22 HII 2462,5164.0254,4.5038,-0.2682,0.0193,0.0155,0.0197,0.0115,0.0082,0.8343,PHOENIX,0.0
64985127228608128,true,true,true,166.85711493213103,-23.991335358037354,56.61581566561294,0.015114497,23.592514924329777,0.010922218,7.350579885028082,0.016052943,18.427570634978657,0.019042322,-44.855479132862804,0.013261496,0.08917258,0.12626024,0.11179778,-0.22985065,0.12907593,0.040886156,0.09092968,0.24247487,0.22543213,0.16127166,12.563813,13.306281,11.721897,0.004235508486094427,0.014705424470917735,0.011267658751738798,6.9034915,5.2234654,1.177594,0.07649921,31,1.584384,0.8419161,10.594,10.007,9.821,0.02,0.021,0.017,13.582,0.0095,13.045,,12.446,,12.038,,11.854,,HII1039,211038945,56.61573,23.59269,12.96,0.808,5.343,0.043,,333.0,10.0,4186.0,2.228,0.058,PHB,Cl* Melotte 22 HII 1039,5285.2686,4.5446,-0.1987,1.6161,1.2509,1.6252,0.9503,0.6748,0.7734,MARCS,0.0
66800592725851776,true,true,true,166.05323812728827,-23.26924373712857,56.54907922003248,0.019363439,24.622119094596144,0.013036827,7.550076412992421,0.02076642,21.195216191185757,0.027433112,-44.69592411866067,0.018441977,-0.10327364,0.048621107,-0.15010294,-0.07379379,-4.5035302E-4,-0.18465984,-0.019422628,0.23808561,-0.051756557,-0.01591794,11.405896,11.852175,10.798162,0.0020203566846995575,0.00667287162637418,0.0053545974271923475,6.0422716,0.7118903,1.2001574,0.10891539,95,1.0540123,0.6077337,10.062,9.629,9.545,0.026,0.033,0.019,12.182,,11.557,,11.291,,11.147,,11.079,,HII916,211103863,56.54893,24.62231,11.71,0.567,5.9772,0.132,,191.3,10.0,5008.0,2.364,0.086,SB,Cl* Melotte 22 HII 916,5092.4785,4.4997,-0.3591,0.1459,0.1175,0.1496,0.0868,0.0628,0.8295,MARCS,0.0
64172038380708224,true,true,true,167.9428856513301,-23.749084685654655,57.58886377465197,0.024460843,23.09614480790089,0.014692581,7.505850970004721,0.026161041,19.608488750151913,0.029035324,-46.559026755660526,0.018623162,0.0800479,0.085502066,0.21263337,-0.10949415,0.040832315,-0.027067898,0.05612826,0.55526865,0.23386507,-0.08103971,11.16862,11.595824,10.570457,6.477260608303201E-4,0.0018554883798848306,0.0012720322124944998,6.902026,0.44327545,1.7117734,0.19409283,31,1.0253668,0.59816265,9.863,9.512,9.385,0.02,0.027,0.02,11.821,,11.279,,11.029,,10.89,,10.838,,HII2665,211007717,57.58875,23.09639,11.36,0.531,5.3657,0.023,,166.0,10.0,5144.0,2.385,0.082,,Cl* Melotte 22 HII 2665,5446.268,4.5357,-0.0536,0.2937,0.24,0.3033,0.1754,0.1279,0.8321,MARCS,0.0
64804841680675200,true,true,true,167.4632827502978,-24.450183212939493,56.72201785398287,0.017946893,22.880748393557024,0.012987173,6.817244229838197,0.019931689,18.982563936845033,0.023557339,-41.60050050840914,0.017826315,0.16569225,0.11510632,0.21693663,-0.15771696,0.09799998,-0.1288766,0.08325854,0.2377199,0.2043182,-0.025774602,11.554062,12.001611,10.945664,0.0011233075292067067,0.003186209752168975,0.0023336026154446173,6.467236,0.47854188,1.0778025,0.10857599,31,1.0559464,0.6083975,10.232,9.82,9.719,0.02,0.023,0.019,12.166,,11.6,,11.373,,11.262,,11.208,,HII1220,210994089,56.72192,22.88094,11.74,0.51,6.1515,0.033,,158.0,10.0,5207.0,2.416,0.082,,Cl* Melotte 22 HII 1220,5346.708,4.5795,0.0537,0.3002,0.2434,0.3083,0.1791,0.1292,0.8058,MARCS,0.0
66503449709270400,true,true,true,167.20393321348848,-23.44386652321468,57.27555029668442,0.033382032,23.781037380088584,0.023396704,7.236496414377099,0.036134694,20.359244980198163,0.04480834,-45.959639382388794,0.03106885,0.06907838,0.10740807,0.18755035,-0.12447717,0.073500514,-0.040434327,0.055249255,0.42314273,0.21078247,-0.05096819,10.430534,10.861636,9.829401,0.0014512000120251783,0.004731596854903172,0.003551772040731729,3.9354496,2.4035647,1.9297724,0.2393383,31,1.0322351,0.60113335,9.166,8.719,8.603,0.021,0.042,0.017,11.7329,0.1135,10.4571,0.0702,10.6112,0.001,,,9.8267,0.001,HII2147,211050460,57.27545,23.78127,10.87,0.585,0.7768,0.037,,217.0,10.0,4959.0,2.46,0.09,"PHB,SB",Cl* Melotte 22 HII 2147,5096.467,4.1983,-0.708,0.1124,0.091,0.1159,0.0668,0.0491,1.3459,MARCS,0.0
64979732749686016,true,true,true,167.0331474016591,-23.97682172796679,56.75601002050891,0.017084382,23.494741451278703,0.0133054415,7.386528543828836,0.01865727,19.0718927796905,0.022934148,-45.023437835823266,0.015802365,0.004170432,0.12806621,-0.07533008,-0.08563909,-0.089762144,-0.25884786,-0.13206355,0.09397609,0.08241429,0.15012705,11.273634,11.696708,10.691306,6.537928276940652E-4,0.002151090646693323,0.0014633824409219392,4.5173807,0.6626313,0.9098149,0.122809604,31,1.0054016,0.58232784,10.037,9.637,9.534,0.021,0.023,0.02,12.7247,0.0678,11.7445,0.162,11.2115,0.0493,11.2069,0.1554,12.8675,0.0211,HII1275,211032994,56.7559,23.49498,11.45,0.5,5.9306,0.038,,159.0,10.0,5250.0,2.475,0.08,,Cl* Melotte 22 HII 1275,5225.0713,4.5212,-0.0702,0.0802,0.0651,0.0825,0.0479,0.0346,0.831,MARCS,0.0
64808204638390912,true,true,true,167.38825795598316,-24.460247105910693,56.66006365313638,0.017756298,22.919584206915975,0.0141863,7.1525685788631295,0.020364206,19.92415292387568,0.022785291,-43.54934665259477,0.017274095,0.18672188,0.25319165,0.21799642,-0.11671588,0.09452964,-0.1375466,0.04510679,0.20095044,0.23254654,-0.055015393,9.306278,9.554723,8.897336,2.729881187767335E-4,5.550980101342301E-4,6.053372685142997E-4,6.324677,0.4442196,1.0373341,0.092709996,31,0.6573868,0.40894222,8.479,8.291,8.153,0.024,0.023,0.023,10.0099,0.001,8.9786,0.0172,9.0341,0.001,9.5666,0.0668,9.1307,0.2642,HII1132,210996505,56.65998,22.9198,9.42,0.326,6.839,0.01,,46.0,10.0,6066.0,2.483,0.067,PHB,Cl* Melotte 22 HII 1132,6319.251,4.2126,-0.2393,0.0709,0.0613,0.0759,0.0428,0.0331,1.4067,MARCS,0.0
66517468482370304,true,true,true,166.97363170831977,-23.49020983005079,57.07140351416555,0.014259308,23.890150538515897,0.010290545,7.288929036654956,0.015746474,17.88603537123723,0.018114332,-45.49537923971175,0.012060741,0.08114836,0.15768671,-0.026115922,-0.293758,0.10954249,-0.2968839,0.012827917,0.25208336,0.20364901,-0.060319763,10.245731,10.560406,9.762666,4.854175224390123E-4,0.0015309855149638143,0.001175007608710146,5.744421,0.34676626,0.8990129,0.06220953,31,0.79774,0.4830656,9.264,8.976,8.891,0.037,0.025,0.02,10.977,,10.543,,10.345,,10.236,,10.196,,HII1794,211057320,57.07134,23.89038,10.4,0.34,3.8184,0.021,,55.0,10.0,6006.0,2.526,0.066,,Cl* Melotte 22 HII 1794,5739.5864,4.3778,-0.2337,0.0103,0.0087,0.0108,0.0062,0.0047,1.0662,MARCS,0.0
66774513683782912,true,true,true,166.51513201138457,-22.674290749601806,57.33590317007083,0.014022699,24.776462360298346,0.008910081,7.349364198624109,0.015047797,19.201379543302817,0.017449709,-44.489666559611294,0.011706895,0.16851127,0.14785272,0.23914604,-0.093941145,0.049582347,-0.11119991,0.09295481,0.6479304,0.11418095,-0.18210171,12.459594,13.073255,11.70027,0.0013660115423325644,0.0049966255359433906,0.003466973983957773,7.7778254,6.037133,1.1289179,0.06350988,31,1.3729849,0.7593241,10.624,10.03,9.925,0.022,0.028,0.021,12.989,,12.211,,11.925,,11.784,,11.68,,HII2244,211113202,57.33579,24.77667,12.58,0.625,0.5603,0.039,,268.0,10.0,4787.0,2.575,0.096,PHB,Cl* Melotte 22 HII 2244,5261.2407,4.6446,-0.4661,1.0746,0.8476,1.0927,0.6349,0.4579,0.6767,MARCS,0.0
64913452814489216,true,true,true,167.3822510217442,-24.05975118314354,56.95058643018479,0.01862631,23.21788377589549,0.011669157,7.411184638689342,0.020458069,20.053661610566117,0.02706992,-45.84753613421944,0.016234322,0.31774095,0.13939255,-0.24810928,-0.34907892,-0.03708266,0.040697265,0.09351687,0.349304,0.3733425,0.24624571,10.945833,11.33603,10.3912325,6.855746669691982E-4,0.0015877313725566643,0.0011810961111555019,7.913775,0.49682695,0.90876555,0.081657216,31,0.9447975,0.5546007,9.76,9.436,9.324,0.02,0.022,0.017,12.3447,0.2852,12.5002,0.001,10.7107,0.0971,9.8179,0.001,9.9132,0.001,HII1593,211015308,56.95046,23.21814,11.15,0.506,5.1371,0.009,,183.5,10.0,5222.0,2.581,0.083,,Cl* Melotte 22 HII 1593,5467.4204,4.4641,-0.1021,0.1368,0.1126,0.1419,0.0819,0.0601,0.8785,MARCS,0.0
68303487680516224,true,true,true,165.75261046103498,-23.560159078858845,56.109579035829455,0.0186694,24.58950062402356,0.012541459,7.465685925621427,0.019542068,19.65581279402085,0.027865015,-46.0475584579759,0.016938547,-0.26581427,0.022330461,-0.16093083,-0.3191141,0.17173427,-0.16388196,0.0023207276,0.18248154,0.3144423,-0.09761506,11.282754,11.738189,10.658539,0.0037763057912827084,0.01295457214520962,0.009644276690864909,3.0461843,1.4955791,0.9851145,0.12881193,31,1.0796499,0.6242151,9.835,9.389,9.266,0.023,0.028,0.019,11.8685,0.0078,11.3556,0.0492,10.1124,0.0898,11.629,0.0702,10.8093,0.0033,HII345,211101761,56.10948,24.5897,11.46,0.597,0.8374,0.019,,245.0,10.0,4928.0,2.605,0.092,PHB,Cl* Melotte 22 HII 345,5017.3403,4.4015,-0.7897,0.1926,0.1549,0.1979,0.1144,0.0835,0.9422,MARCS,0.0
66499154741977216,true,true,true,167.32410840143098,-23.435881500158857,57.369857594799285,0.022743925,23.71197964151732,0.015252213,7.588656285513702,0.023767032,19.93578510797832,0.031842794,-47.44869758218731,0.020787772,-0.0012950711,0.11096598,-0.057673197,-0.18346323,0.11532754,-0.18573749,0.032145508,0.55257374,0.13393208,-0.209904,11.176867,11.592295,10.593778,6.885930329937978E-4,0.0018917936265098454,0.0012550983309969547,5.0705614,0.49778828,1.4216604,0.18016654,31,0.99851704,0.5830889,9.914,9.543,9.428,0.021,0.024,0.021,11.965,,11.392,,11.121,,10.967,,10.906,,HII2311,211046315,57.36974,23.71223,11.35,0.485,5.7139,0.02,,170.4,10.0,5310.0,2.607,0.078,,Cl* Melotte 22 HII 2311,5387.1343,4.5687,0.0316,0.1813,0.148,0.1869,0.1084,0.0786,0.8152,MARCS,0.0
45022222315428608,true,true,true,169.81087160546974,-27.536919036800697,56.11710344458422,0.019106876,19.184814108566584,0.016536914,6.924254264562803,0.020397648,18.7375262723176,0.022977319,-41.339483755683474,0.018973028,0.34542876,0.42250144,0.28289142,0.0590972,0.26688817,0.024591325,0.22356018,0.49470255,0.112230815,0.051150255,11.569337,12.079002,10.885275,0.002609925981827001,0.008134244445522857,0.005897029554649399,9.59593,3.874063,1.0556834,0.12214644,31,1.1937275,0.684062,10.002,9.537,9.418,0.018,0.019,0.02,12.38,,11.666,,11.34,,11.149,,11.059,,DH343,210754915,56.11701,19.18504,11.84,0.582,0.533049,0.049,,244.0,15.0,4970.0,2.655,0.095,PHB,Cl* Melotte 22 DH 343,5641.942,4.4674,-0.2457,0.9026,0.7311,0.9314,0.5368,0.3946,0.8765,MARCS,0.0
66832100605159424,true,true,true,166.12678953522675,-22.634223296022142,57.07381062715844,0.01754791,25.04764063408678,0.012258724,7.499269077311336,0.019107254,19.516684921075115,0.02406022,-47.057326027126166,0.01610001,0.10252274,0.050896253,0.16322887,-0.16421686,-0.029067831,-0.20067279,0.01852557,0.30759907,-0.11943974,-0.14927708,10.744773,11.121812,10.203328,7.310605278413155E-4,0.0024273180009926365,0.001613217605553711,5.1448417,0.45161948,1.3372483,0.12049907,31,0.91848373,0.5414448,9.593,9.256,9.158,0.018,0.018,0.018,11.7013,0.0227,10.3727,0.1387,15.4831,0.0031,10.2389,0.0098,11.2404,0.0815,HII1776,211128863,57.07371,25.04788,10.94,0.435,4.5347,0.027,,140.0,10.0,5530.0,2.672,0.073,,Cl* Melotte 22 HII 1776,5653.3267,4.4488,-0.1557,0.2083,0.173,0.2175,0.1248,0.0927,0.9132,MARCS,0.0
65072435323295872,true,true,true,166.59020405062097,-24.499895732185664,56.04683380132059,0.018865975,23.379119346046334,0.013269481,7.58020870179761,0.019846452,22.039851021011096,0.025532711,-46.63903879701039,0.016734917,-0.06263315,0.10421554,-0.13567051,-0.4206606,0.19298232,-0.29014248,0.05079194,0.14242019,0.2520503,-0.15730877,11.193929,11.627196,10.593733,0.001098273352597555,0.0037023754371004855,0.0027464522927215665,4.823638,0.8055335,1.00204,0.11955603,31,1.0334635,0.6001959,9.956,9.512,9.408,0.02,0.023,0.022,11.7905,0.001,11.9172,0.2375,11.4128,0.0341,10.8412,0.0376,10.9807,0.001,HII296,211025716,56.04669,23.37933,11.45,0.621,2.5292,0.048,,278.0,10.0,4808.0,2.676,0.094,,Cl* Melotte 22 HII 296,5191.5405,4.474,-0.3787,0.1396,0.1132,0.1438,0.0832,0.0606,0.8723,MARCS,0.0
66570554277316992,true,true,true,167.7717435197895,-22.566391573523944,58.348871614505505,0.021363014,24.064836614014734,0.013545395,7.264549191017467,0.022204397,19.43292773085072,0.026587753,-45.30034146560551,0.017341685,-0.12118159,0.007281824,0.22764562,-0.065703824,-0.008572277,-0.11177389,-0.07877609,0.5425353,0.12297984,-0.119406626,11.173697,11.5881815,10.590354,9.527229607260173E-4,0.0030198711902047976,0.0022949418901546297,5.67368,0.5827635,1.1799468,0.15494151,31,0.99782753,0.5833435,9.949,9.564,9.439,0.022,0.027,0.021,11.885,,11.319,,11.093,,10.982,,10.928,,PELS071,211068400,58.34874,24.06506,11.4,0.51,4.065041,0.05,,207.0,3.0,5210.0,2.713,0.083,,Cl* Melotte 22 PELS 071,5476.4565,4.5242,-0.186,0.2656,0.218,0.2753,0.1587,0.1166,0.8354,MARCS,0.0
64930495244783616,true,true,true,167.582633993905,-23.668566936969757,57.38645295572227,0.018578095,23.380204240051093,0.01177308,7.231276897025075,0.020891242,20.34647137610763,0.023624873,-44.301346464210745,0.015800737,0.05329066,0.04646043,0.18572545,0.0014251772,-0.06921403,-0.23754473,-0.033960916,0.65043044,0.15575369,-0.3273183,9.034874,9.25158,8.664315,2.2621504448804992E-4,5.046105853931723E-4,3.502402557874879E-4,5.7746515,1.1501437,1.1984136,0.119168036,31,0.587265,0.37055874,8.258,8.097,8.036,0.021,0.024,0.023,9.7505,0.0248,8.496,0.0514,9.1123,0.1633,9.2318,0.1102,9.4647,0.0841,HII2345,211025770,57.38634,23.38041,9.14,0.222,0.2389,0.001,,38.0,10.0,6822.0,2.743,0.039,,Cl* Melotte 22 HII 2345,6678.9653,4.163,-0.497,0.0776,0.068,0.0837,0.047,0.0367,1.4388,PHOENIX,0.0
69819404977607168,true,true,true,165.67947902669383,-23.17464148886341,56.33701983849263,0.0335176,24.921874441485695,0.02324708,7.31021390474316,0.03550833,20.356301638083206,0.041903336,-44.16034359248281,0.028513404,-0.037121117,-0.0432592,0.09635078,0.012772843,-0.11428828,-0.22234331,-0.13127998,0.2831493,0.077945106,-0.010446311,8.900821,9.130817,8.51024,2.795604317553001E-4,3.9739534435110334E-4,3.72928679529188E-4,10.631913,12.048621,2.073626,0.26644108,31,0.6205778,0.39058113,8.079,7.933,7.838,0.02,0.082,0.023,9.166,,8.951,,8.899,,8.897,,8.904,,HII605,211121734,56.33691,24.92207,9.0,0.241,7.0681,0.002,,39.0,10.0,6653.0,2.754,0.038,"PHB,SB",Cl* Melotte 22 HII 605,6572.9844,4.1106,-0.3372,0.1348,0.1178,0.1451,0.0815,0.0636,1.5923,MARCS,0.0
65000073712701056,,,,,,57.01950344317,0.3889000117778778,23.65822198457,0.29269999265670776,7.0616,0.46970000863075256,19.144,0.5130000114440918,-44.939,0.36399999260902405,0.1331000030040741,0.2750000059604645,0.375900000333786,0.1331000030040741,0.09749999642372131,-0.16200000047683716,0.046799998730421066,0.5149000287055969,0.18940000236034393,-0.16840000450611115,19.50458526611328,21.41705322265625,17.984466552734375,0.004997999873012304,0.21534399688243866,0.016635000705718994,,,0.9520000219345093,0.6819999814033508,95,3.432586908340454,1.5201189517974854,15.336,14.573,14.226,0.052,0.064,0.061,21.7574,0.1673,21.5087,0.0991,18.9142,0.0078,17.6167,0.0042,16.907,0.0037,PPl-15,,57.020084,23.65889,,,,,,500.0,10.0,2600.0,2.769,0.144,,NPL35 SHF48 IPMBD23,,,,,,,,,,,0.0
66791521754962560,,,,,,56.91264277155,0.3149999976158142,24.60601327556,0.23569999635219574,8.0431,0.33869999647140503,20.831,0.3970000147819519,-46.754,0.31299999356269836,-0.2660999894142151,0.22750000655651093,0.14810000360012054,-0.2660999894142151,-0.10899999737739563,-0.22100000083446503,-0.05909999832510948,0.10080000013113022,0.06889999657869339,-0.050700001418590546,19.544843673706055,21.69617462158203,18.09588623046875,0.004579999949783087,0.24328599870204926,0.02467299997806549,,,1.0420000553131104,0.7870000004768372,95,3.600287914276123,1.4489569664001465,15.45,14.984,14.696,0.063,0.088,0.103,19.263,,21.2583,0.0592,18.8693,0.0138,17.7313,0.0066,17.1103,0.0048,CFHT-PL-11,,56.9125,24.606138,,,,,,500.0,10.0,2700.0,2.769,0.032,,Roque16 BRB12 BPL152,,,,,,,,,,,0.0
66729261908482048,true,true,true,166.48435688327746,-23.377190283956377,56.791988143840086,0.018609824,24.276453622807093,0.012858426,7.357064223916837,0.02060636,19.959460137901697,0.025991986,-44.498036812412536,0.017977556,0.0970832,0.19353497,-0.24188627,-0.27552566,0.25292194,-0.33841333,0.15969563,0.38726813,0.06898662,-0.33193636,9.376594,9.618052,8.972963,2.357802598256161E-4,4.933505115293115E-4,4.905177595173632E-4,,,1.0107602,0.07751742,31,0.6450882,0.40363026,8.533,8.329,8.282,0.026,0.036,0.024,10.0271,0.0061,10.3127,0.4444,8.6944,0.001,9.2799,0.0594,9.752,0.0028,HII1309,211081656,56.79189,24.27667,9.46,0.235,0.775,0.004,,42.0,10.0,6685.0,2.788,0.037,,Cl* Melotte 22 HII 1309,6233.601,4.1564,-0.5144,0.0046,0.004,0.005,0.0028,0.0022,1.3372,MARCS,0.0
66462939577861248,true,true,true,167.37714450620547,-23.089001599226183,57.667058127725106,0.020751374,23.932844783221913,0.011775537,7.251408520456074,0.021524437,18.70635797044318,0.026679248,-44.35811453871019,0.016209349,-0.031859566,0.0885053,-0.22935425,-0.16045916,0.093383916,-0.2184416,-0.031233082,0.6709655,0.06462973,-0.32630423,10.161764,10.46863,9.688195,6.536490707013915E-4,0.002178177053233876,0.0014789343412451954,4.6223154,0.5498539,1.2033594,0.120985016,31,0.7804346,0.47356892,9.181,8.941,8.853,0.022,0.022,0.018,10.704,,10.342,,10.189,,10.109,,10.079,,HII2786,211060078,57.66698,23.93306,10.29,0.392,2.1644,0.032,,128.0,10.0,5728.0,2.799,0.069,,Cl* Melotte 22 HII 2786,5928.072,4.3822,-0.1787,0.1021,0.0865,0.1079,0.0614,0.0465,1.0695,MARCS,0.0
65196370900147968,true,true,true,166.32508135860868,-23.988275147591708,56.22443336960459,0.013101824,23.921085821362638,0.00916289,7.226440781576337,0.014336304,21.062076818946018,0.016704356,-45.346349053981676,0.011661332,0.13970184,-0.0018155187,0.192737,-0.23233838,-0.063979894,-0.3031433,-0.06700284,0.11754845,0.15275073,-0.04952311,10.590246,11.024535,9.982679,4.733203476421138E-4,0.001661528324348108,0.0011567273439850232,5.0806947,0.5262432,1.1517957,0.07846677,31,1.0418558,0.60756683,9.312,8.935,8.816,0.05,0.057,0.021,11.145,,10.609,,10.402,,10.307,,10.26,,HII476,211059325,56.2243,23.92126,10.78,0.371,2.3386,0.023,,108.0,10.0,5863.0,2.802,0.065,"PHB,SB",Cl* Melotte 22 HII 476,5829.675,4.2848,-0.1912,0.6337,0.5236,0.6611,0.3787,0.2824,1.1205,MARCS,0.0
66523893753437824,true,true,true,166.884770594742,-23.350521645544436,57.1091158768964,0.017609196,24.048182417276898,0.010709688,7.419126279193348,0.017497888,19.673447078688287,0.023574661,-46.25819665857012,0.013016202,0.006659867,0.06657462,-0.26926774,-0.41024455,-0.07144244,-0.22107223,-0.13632803,0.19060703,0.3141763,0.052728012,9.903484,10.187208,9.453119,4.539274995902071E-4,0.0013962480976863843,0.0010188941627811477,4.8345804,0.42214733,0.8739928,0.074466206,31,0.7340889,0.45036507,8.985,8.719,8.663,0.019,0.021,0.017,,,,,10.161,0.001,,,10.5236,0.0786,HII1856,211067419,57.10902,24.04844,10.01,0.321,2.491,0.013,,85.0,10.0,6082.0,2.838,0.062,,Cl* Melotte 22 HII 1856,5922.038,4.3339,-0.2812,0.0021,0.0018,0.0022,0.0013,0.001,1.1443,MARCS,0.0
66788291938818304,true,true,true,166.12469448107177,-23.280313212852086,56.59455349459927,0.016046619,24.569949769064657,0.010117952,7.393670835522528,0.015775258,19.683164514250493,0.022914998,-44.9936072177932,0.014031689,-0.21616103,-0.16662061,0.018435063,-0.08679541,-0.02646869,-0.074898325,-0.035537004,0.2727817,-0.13620567,-0.026555762,10.296593,10.624539,9.802695,7.377994415979035E-4,0.0018105739488727306,0.0015187011153570283,6.6079693,0.44602695,0.8482524,0.07052884,31,0.8218441,0.49389744,9.274,8.994,8.923,0.02,0.015,0.015,10.899,,10.496,,10.319,,10.225,,10.192,,HII996,211100565,56.59447,24.57017,10.42,0.385,3.231,0.016,,132.0,10.0,5766.0,2.862,0.068,,Cl* Melotte 22 HII 996,5788.3896,4.3978,-0.1512,0.097,0.0815,0.102,0.0583,0.0437,1.0393,MARCS,0.0
65004712279475712,true,true,true,166.944033860248,-23.931227890756134,56.72404434206554,0.014618717,23.58335393181007,0.01097097,7.497436461447746,0.015502698,20.79610781492648,0.018105298,-45.153767216869234,0.01301925,0.17121468,0.08293439,0.04257777,-0.25038663,-0.01315441,-0.22481953,-0.023154698,0.08973952,0.14639601,0.052226786,10.388345,10.711754,9.896658,6.052170904485839E-4,0.0016849460309959045,0.001202175692068603,5.720363,0.29002896,0.99693227,0.095048666,31,0.8150959,0.49168682,9.35,9.092,8.996,0.02,0.019,0.02,10.8068,0.001,13.7995,0.0034,11.6874,0.0013,,,,,HII1215,211038389,56.72391,23.58359,10.55,0.378,3.5941,0.018,,125.0,10.0,5818.0,2.867,0.065,,Cl* Melotte 22 HII 1215,5723.159,4.3766,-0.2081,0.0359,0.0301,0.0377,0.0215,0.0161,0.9838,MARCS,0.0
68296890611072384,true,true,true,165.744402090798,-23.68127975895572,56.01485828940102,0.017014224,24.50404176791731,0.010632552,7.386998687843288,0.018833453,22.07258673357898,0.023028173,-45.87187150601032,0.013349686,-0.051041737,0.0391355,0.02262021,-0.349762,0.14992213,-0.16970538,0.014672673,0.09297534,0.44645786,-0.008102119,10.5296545,10.896353,9.992223,7.441245235083574E-4,0.002687183997630674,0.0020595820490103573,4.4041033,1.9032942,1.0499159,0.08929321,95,0.90413,0.5374317,9.405,9.118,8.953,0.023,0.029,0.02,11.0325,0.0375,10.5208,0.0068,10.0273,0.0119,9.9625,0.0672,10.2288,0.0382,HII253,211096368,56.01474,24.5042,10.71,0.451,1.4758,0.055,,186.0,10.0,5460.0,2.872,0.078,,Cl* Melotte 22 HII 253,5793.7812,4.3494,-0.297,0.3044,0.2543,0.3195,0.1824,0.1371,1.0079,MARCS,0.0
65232105028172160,true,true,true,166.251326934054,-24.380777841765042,55.88323532267292,0.05045303,23.673853776513997,0.03259977,7.433494730783139,0.05265048,19.924954323283515,0.07243255,-45.31810028461178,0.0464999,-0.005952368,0.08061602,-0.07149873,-0.35274717,0.12660728,-0.12503389,0.07245219,0.24086507,0.10426461,-0.20843521,10.641136,11.002267,10.113153,8.032761526376602E-4,0.002959946546822873,0.0021069272279457723,8.498909,0.3929485,2.9208245,0.3550632,31,0.8891134,0.5279827,9.527,9.192,9.103,0.019,0.015,0.02,11.069,0.001,10.7598,0.0254,10.2973,0.0361,10.7316,0.0076,11.9037,0.0011,HII120,211043986,55.88314,23.67407,10.84,0.411,3.9906,0.039,,152.0,10.0,5656.0,2.872,0.07,SB,Cl* Melotte 22 HII 120,5707.183,4.4494,-0.0994,0.2002,0.1668,0.2094,0.12,0.0893,0.932,MARCS,0.0
64952829074688896,true,true,true,167.2517250620322,-24.31574674217415,56.66674719150831,0.019131247,23.110124081170717,0.0140606,7.391158486799486,0.020554867,19.26270138389062,0.026191497,-46.76202027354881,0.018054469,0.031744372,0.22686398,-0.23340985,-0.3561741,0.12965898,-0.08450306,0.016082283,0.16358604,0.2980398,-0.15695794,9.295629,9.536065,8.894408,2.3158905406242121E-4,3.4959827944510053E-4,2.808764870742576E-4,4.963597,0.50259304,1.1259955,0.09670198,31,0.6416569,0.40122032,8.473,8.28,8.243,0.026,0.018,0.024,9.494,,9.298,,9.26,,9.276,,9.293,,HII1139,211008578,56.66665,23.11037,9.37,0.235,1.8161,0.001,,51.0,10.0,6685.0,2.887,0.035,,Cl* Melotte 22 HII 1139,6281.2817,4.1729,-0.362,0.0157,0.0135,0.0168,0.0095,0.0073,1.3622,MARCS,0.0
66501181966524800,true,true,true,167.27579148502483,-23.363513239711516,57.38809269499062,0.016194109,23.795195713242105,0.009681594,7.263685576556919,0.016816406,19.92369547226627,0.022005746,-43.75212075508752,0.013236567,0.15520431,0.1151739,0.096722685,-0.32791314,-0.027402746,-0.15329345,0.020265091,0.52438843,0.047309417,-0.26020077,10.746968,11.107175,10.220457,4.6830354660889437E-4,0.001630734489954595,0.0012002903450327176,7.1495905,0.34592155,1.1350733,0.09828421,31,0.8867178,0.5265112,9.595,9.294,9.214,0.02,0.022,0.02,10.984,,10.625,,10.51,,10.479,,10.472,,HII2341,211051330,57.388,23.79542,10.93,0.39,4.9432,0.014,,141.0,10.0,5740.0,2.894,0.069,,Cl* Melotte 22 HII 2341,5760.6104,4.5357,0.0292,0.2011,0.1678,0.2102,0.1206,0.0896,0.8977,MARCS,0.0
64923279699744256,true,true,true,167.5848298513946,-23.841468443558526,57.25981898022836,0.019312182,23.25223911265763,0.013469289,7.266831729278644,0.020944558,19.730996700492646,0.02427146,-44.42819858102819,0.01704622,0.20720506,0.10662279,0.07949025,-0.23482382,0.07242862,-0.2837179,0.13091372,0.421621,-0.01244145,-0.2121366,11.473286,11.914596,10.86683,9.113083933333538E-4,0.0016991589766997205,0.0013165685674982597,5.032039,0.6312849,1.1447881,0.14353196,31,1.0477657,0.6064558,10.135,9.758,9.657,0.021,0.022,0.018,12.6289,0.4424,12.8685,0.236,13.5536,0.0741,11.85,0.0385,11.6575,0.0,HII2126,211017570,57.2597,23.25246,11.71,0.44,6.1535,0.014,,184.9,10.0,5500.0,2.911,0.076,,Cl* Melotte 22 HII 2126,5233.2783,4.5662,-0.0287,0.1817,0.147,0.1864,0.1084,0.078,0.785,MARCS,0.0
65249250535404928,true,true,true,166.07135939503738,-23.95332928152363,56.06105910286945,0.015209513,24.101914672074734,0.011326394,7.1375867450273605,0.017789356,20.708631306878623,0.019033784,-43.43679844036549,0.014365265,0.24395728,0.101605944,0.24271964,-0.1443485,0.027211547,-0.29668838,0.07117705,0.3118054,0.006643458,-0.15901983,10.878019,11.249774,9.9684305,8.115770663462855E-4,0.008878936755599016,0.0271730628193421,6.016562,0.9310077,1.1756079,0.095660314,95,1.2813435,0.9095888,8.697,8.449,8.314,0.02,0.036,0.029,10.645,,10.182,,9.935,,9.753,,9.656,,HII303,211070599,56.06111,24.10181,10.48,0.382,2.0541,0.028,,138.0,10.0,5786.0,2.919,0.067,"PHB,VB",Cl* Melotte 22 HII 303,5658.263,4.3619,-0.3608,0.676,0.5532,0.702,0.4029,0.299,1.0847,MARCS,0.0
65242069352190976,true,true,true,166.18238647991424,-24.15700067185869,55.99511103368515,0.050385375,23.882527325074037,0.03727437,7.332855207330711,0.05680062,19.881529907073876,0.061959986,-44.69357603049772,0.045594484,0.24692765,0.21568869,0.1954047,-0.14489071,0.044319116,-0.20133193,0.054493077,0.3008788,-0.045058858,-0.05087805,9.539745,9.822223,9.087022,2.106441487472051E-4,3.448996119938464E-4,2.634664158278792E-4,6.289491,0.49223006,3.060309,0.40455282,31,0.7352009,0.4527235,8.6,8.42,8.308,0.035,0.042,0.024,,,,,9.0148,0.1508,9.2796,0.001,9.6699,0.001,HII233,211056809,55.995,23.88273,9.66,0.296,2.3969,0.001,,75.0,10.0,6273.0,2.924,0.059,SB,Cl* Melotte 22 HII 233,6314.0635,4.2463,-0.2908,0.228,0.1961,0.2434,0.1374,0.106,1.3257,MARCS,0.0
64899017426872960,true,true,true,167.41902751271786,-24.44155845908672,56.696182198354265,0.018037021,22.91437971648443,0.013092075,7.188082380653626,0.01971732,18.758200870264197,0.024406588,-45.00169638409588,0.017078228,0.047115203,0.14029366,0.25247237,-0.1528976,-0.024142452,-0.055578522,-0.04568187,0.11435004,0.12477066,-0.06793938,10.343078,10.67296,9.844388,7.229508766438658E-4,0.0027208989871858654,0.0017860778243136515,5.726292,0.6101194,1.0573627,0.091084056,31,0.8285723,0.49868965,9.307,9.032,8.928,0.022,0.02,0.019,11.3622,0.001,10.1228,0.0133,,,10.3726,0.2752,11.6504,0.1123,HII1182,210996142,56.69608,22.91459,10.48,0.378,3.0025,0.03,,136.0,10.0,5812.0,2.931,0.066,VB,Cl* Melotte 22 HII 1182,6061.983,4.4785,0.0187,0.287,0.2426,0.3028,0.1725,0.1302,1.0081,MARCS,0.0
68322145018429952,true,true,true,165.57700834485198,-23.449520747845177,56.05809868574246,0.017407024,24.779195241070113,0.0103163505,7.33309960496548,0.016678132,20.641313656639063,0.024786549,-45.23559883830963,0.014229601,-0.34442383,-0.14882456,-0.097926304,-0.3230189,0.09325251,0.0086324345,-0.0060595814,0.19617137,0.1904781,-3.1860662E-4,10.600085,10.958863,10.071496,3.832973439646006E-4,0.0013490984388903034,8.312323176000415E-4,5.802042,0.3141639,0.97184104,0.07660053,31,0.88736725,0.52858925,9.53,9.172,9.062,0.024,0.032,0.022,11.1,,10.642,,10.508,,10.472,,10.446,,HII293,211113345,56.05798,24.77938,10.79,0.365,4.0255,0.014,,125.0,10.0,5895.0,2.939,0.066,,Cl* Melotte 22 HII 293,5809.321,4.464,-0.0436,0.2443,0.2042,0.256,0.1466,0.1094,0.9516,MARCS,0.0
68310561489710336,true,true,true,165.54037043875772,-23.861755158287647,55.729745748660456,0.017439295,24.492868817275667,0.012182266,7.270583160634106,0.021176837,21.20960169235345,0.020013254,-45.11720953111689,0.015567854,0.3483173,0.10841164,0.42064035,-0.09503787,-0.030159162,-0.27147448,0.062261816,0.37351793,0.14741234,-0.15827419,9.3706045,9.61723,8.960799,2.1033472801795477E-4,2.1275237217856295E-4,3.273378086389188E-4,4.469268,0.53972465,1.0204512,0.083938524,31,0.6564312,0.4098053,8.514,8.325,8.263,0.019,0.031,0.02,9.6271,0.0598,,,8.4298,0.015,9.1764,0.0443,11.3997,0.001,HII25,211095624,55.72962,24.49306,,0.251,1.4072,0.001,,57.0,10.0,6581.0,2.946,0.032,,Cl* Melotte 22 HII 25,6303.033,4.2233,-0.4179,0.0631,0.0546,0.0676,0.0381,0.0295,1.3581,MARCS,0.0
65199978672758272,true,true,true,166.74402083262208,-23.821741322939396,56.65709673682824,0.017947942,23.78750955142278,0.014423253,7.471863203927212,0.020728955,20.01127262219112,0.022356384,-47.26742342923304,0.01750329,0.32676584,0.25262552,0.23543625,-0.105973974,0.09765978,-0.25332856,0.06782056,0.30184984,0.13963285,-0.024046348,10.045166,10.413593,9.512707,4.236065925379749E-4,8.83080641672059E-4,6.045614096246473E-4,6.585022,0.4475127,1.1117623,0.113205045,31,0.90088654,0.53245926,8.925,8.583,8.527,0.019,0.017,0.016,10.491,,10.071,,9.918,,9.857,,9.836,,HII1117,211050847,56.65699,23.78777,10.2,0.397,6.1624,0.004,,159.0,10.0,5708.0,2.966,0.07,"PHB,SB",Cl* Melotte 22 HII 1117,5507.535,4.2854,-0.3087,0.0213,0.0176,0.0221,0.0128,0.0094,1.2587,PHOENIX,0.0
69811639676769536,true,true,true,165.58388797964486,-23.421486696727772,56.08380493090035,0.019722208,24.7959610969443,0.012137942,7.509212453253538,0.019412043,19.89864206870716,0.027445775,-46.56763611816304,0.016257709,-0.32197732,-0.12218919,-0.1448277,-0.28531814,0.11057864,0.031742036,0.015086045,0.25935408,0.20299453,0.04940437,10.473494,10.826579,9.955907,0.0015322934763313274,0.0042479190169572465,0.0033759955586419453,4.3028464,2.2451973,1.2359731,0.10194704,31,0.8706722,0.5175867,9.339,8.996,8.9,0.023,0.031,0.02,,,10.9349,0.0013,10.6308,0.001,11.0698,0.001,9.2316,0.001,HII314,211114317,56.08368,24.79615,10.6,0.41,1.4729,0.038,,167.0,10.0,5660.0,2.967,0.072,,Cl* Melotte 22 HII 314,5757.872,4.3658,-0.2543,0.2082,0.1742,0.2186,0.1248,0.0937,0.9913,MARCS,0.0
65086591535491584,true,true,true,166.4360904845306,-24.404667910757667,56.00257297938471,0.016801096,23.543743984874723,0.009631034,7.297531268657663,0.015349895,19.55870683741184,0.021816893,-44.75242968274938,0.013080624,-0.12296058,-0.11975425,-0.23621495,-0.52026093,0.12470682,-0.10956405,0.08395328,-0.017967721,0.31829792,-0.09460438,10.823086,11.230583,10.24679,0.0012395821464126053,0.003876980146109816,0.002779469015224595,6.507856,0.39882386,1.1061329,0.07919634,31,0.98379326,0.57629585,9.65,9.274,9.199,0.019,0.017,0.02,11.442,,10.937,,10.739,,10.645,,10.604,,HII248,211035968,56.00247,23.54396,11.02,0.434,4.02,0.023,,193.0,10.0,5530.0,2.992,0.076,,Cl* Melotte 22 HII 248,5519.4424,4.4172,-0.3072,0.2853,0.2349,0.2966,0.1704,0.1262,0.9856,MARCS,0.0
65295430026352512,true,true,true,165.95971770665986,-23.6012592992335,56.23507805711012,0.019780174,24.432404748893706,0.01620874,7.3971054023640885,0.023178987,19.698151724297123,0.02821788,-46.135081435179735,0.022394326,0.26417312,0.3022211,-0.0050826776,-0.14297174,0.18924667,-0.27189746,0.18142883,0.4094815,-0.0763854,-0.3411009,10.2749605,10.6065855,9.774689,7.143359170317593E-4,0.0024900604862454516,0.0016453819093837673,3.6667042,0.5311477,1.1424334,0.13252439,95,0.8318968,0.5002718,9.218,8.945,8.866,0.027,0.03,0.019,11.298,,10.784,,10.454,,10.225,,10.22,,HII489,211091768,56.23498,24.43262,10.42,0.352,2.7793,0.02,,127.0,10.0,5960.0,3.012,0.065,,Cl* Melotte 22 HII 489,5796.2915,4.3741,-0.3252,0.1382,0.1161,0.1455,0.0829,0.0626,1.0651,MARCS,0.0
65289623229979136,true,true,true,165.91465251576975,-23.84879162460663,56.02026285603311,0.017415805,24.275319181164605,0.012790104,7.285423899385576,0.020213522,20.133680883909427,0.020558178,-45.35637699913802,0.0150993755,0.11766323,-0.034656692,0.28165558,-0.036126964,0.026641717,-0.35057026,0.037115104,0.3843977,0.18272814,-0.1627213,11.209136,11.650412,10.597657,0.001466067378001014,0.0047617877760086896,0.0033638513112063365,5.52734,0.5050327,0.9129053,0.11527017,31,1.0527544,0.6114788,9.943,9.494,9.386,0.027,0.035,0.02,12.484,,11.739,,11.366,,11.13,,11.031,,HII263,211081593,56.02016,24.2755,11.63,0.511,4.6762,0.046,,252.1,10.0,5207.0,3.017,0.088,SB,Cl* Melotte 22 HII 263,5216.1895,4.4398,-0.445,0.231,0.1873,0.238,0.1375,0.1005,0.9232,MARCS,0.0
65225611037551360,true,true,true,166.5173091695008,-23.58408963259553,56.663989544588695,0.017479047,24.10299456629025,0.015164193,7.360921813307845,0.020525496,20.529234552319263,0.024284527,-46.94187273360423,0.019191343,0.27288842,0.32868713,-0.006607793,0.10169488,0.25679326,-0.3524918,0.21002907,0.6407694,0.048045084,-0.28732935,9.199545,9.431398,8.808819,2.178806040048546E-4,4.3482994015279065E-4,3.7775243125467994E-4,5.7048016,0.31913814,1.0005049,0.09119259,31,0.6225796,0.3907261,8.432,8.23,8.191,0.023,0.023,0.014,9.8242,0.0176,9.1113,,8.6762,0.001,,,9.0888,0.3972,HII1122,211070664,56.66385,24.10324,9.29,0.239,0.8702,0.002,,67.0,10.0,6665.0,3.035,0.03,SB,Cl* Melotte 22 HII 1122,6336.6206,4.1876,-0.2177,0.0092,0.0079,0.0098,0.0055,0.0043,1.3919,MARCS,0.0
66737095928811648,true,true,true,166.51284965675544,-23.234511795535763,56.918616532110974,0.019851591,24.364356080566463,0.013987022,7.396118503759566,0.021419695,19.316594733162717,0.025703246,-45.4554205499203,0.016754748,0.11437564,0.19220045,-0.19615991,-0.050975237,-0.07904825,-0.11624911,-0.09631878,0.34508437,0.0269386,0.12144561,10.402332,10.743448,9.896464,0.0012177180925628595,0.0043817708339922495,0.0029889582421075253,5.5421205,0.4786263,1.023037,0.09132806,31,0.8469839,0.50586796,9.34,9.071,8.953,0.021,0.016,0.018,,,,,9.9856,0.132,,,11.9809,,HII1514,211087357,56.91853,24.36459,10.53,0.381,3.252,0.032,,161.0,10.0,5792.0,3.062,0.068,,Cl* Melotte 22 HII 1514,5588.6978,4.3918,-0.2825,0.0024,0.002,0.0025,0.0014,0.0011,1.0346,MARCS,0.0
64924413571101952,true,true,true,167.7757867130235,-23.72480379800471,57.485491827507374,0.015925167,23.21843142395095,0.009468258,6.921465300774905,0.017078437,18.921303017911203,0.019966297,-43.200525582216834,0.013236863,0.21495353,0.13352561,0.19323517,-0.22915758,0.039491225,-0.08770349,0.15234165,0.62880486,0.1006407,-0.24493381,10.138832,10.44442,9.66561,3.8227318198026677E-4,8.245463164795469E-4,5.870265744781702E-4,6.629463,0.5865756,1.0655763,0.0903226,31,0.77880955,0.47322178,9.145,8.854,8.796,0.021,0.018,0.018,11.4636,0.0013,11.1626,0.001,10.0986,0.4767,8.9326,0.001,,,HII2506,211015348,57.48536,23.21864,10.27,0.307,2.1762,0.012,,108.0,10.0,6162.0,3.067,0.061,,Cl* Melotte 22 HII 2506,6026.277,4.3191,-0.1821,0.157,0.1334,0.1663,0.0944,0.0718,1.1242,MARCS,0.0
67618285777617664,true,true,true,165.3415489507221,-26.232047383002886,53.88216141527742,0.0171152,22.82338338603445,0.013214867,7.532695664265256,0.018618654,21.394415701598184,0.022584325,-45.46661573078261,0.015919238,0.022883153,0.11488463,-0.0664769,-0.14805527,0.03353055,-0.2571039,-0.0069894833,0.19995716,0.047289338,-0.06961708,9.733864,10.003591,9.30285,3.6305880495361996E-4,6.075162071632589E-4,4.718364850506514E-4,5.32347,0.39976463,1.1501563,0.110061795,31,0.7007408,0.43101406,8.831,8.599,8.541,0.026,0.024,0.017,10.173,0.0555,9.5443,0.089,9.0549,0.0294,10.0173,0.0532,10.7278,0.3408,PELS124,210990525,53.88203,22.82362,9.86,0.289,2.7953,0.005,,98.0,10.0,6307.0,3.12,0.059,,Cl* Melotte 22 PELS 124,6053.476,4.3292,-0.1994,0.0047,0.004,0.005,0.0028,0.0022,1.1651,MARCS,0.0
66809491897360896,true,true,true,166.0584479656016,-23.03060317517526,56.728918631435576,0.016384246,24.796134519995736,0.011419235,7.406586641921977,0.01864788,19.300650310901055,0.020284966,-46.34158408595681,0.014834507,0.055704072,-0.06732366,0.21952203,-0.020368073,-0.10706688,-0.3000021,-0.046559606,0.39518777,0.12496105,-0.28211722,10.408444,10.741416,9.907416,0.0011103123188032104,0.0038001477498799275,0.0025330238875037885,5.6951537,0.5164656,1.0771662,0.095758386,31,0.83399963,0.50102806,9.274,9.005,8.977,0.024,0.03,0.019,10.604,,10.288,,10.182,,10.154,,10.152,,HII1207,211114329,56.72882,24.79634,10.51,0.341,3.3705,0.018,,141.0,10.0,6006.0,3.144,0.063,,Cl* Melotte 22 HII 1207,5726.425,4.3552,-0.1969,0.1062,0.089,0.1115,0.0637,0.0478,1.0099,MARCS,0.0
64941211186036352,true,true,true,167.36399521065536,-23.780126200040236,57.14388698332008,0.014187142,23.434590988620933,0.010968358,7.380077777631508,0.01621292,19.371696632671146,0.018467281,-45.077613013343736,0.013893746,0.27049407,0.13686518,0.17190647,-0.22523591,-0.04456069,-0.31389558,0.006612017,0.19478075,0.03301794,-0.18819469,10.21041,10.523789,9.733897,7.289177478193552E-4,0.0020118701104470246,0.0014207780147667414,6.4533243,0.5195707,0.95619994,0.0844388,31,0.7898922,0.4765129,9.197,8.98,8.868,0.024,0.027,0.02,10.843,,10.489,,10.3,,10.128,,10.095,,HII1924,211029232,57.1438,23.43481,10.33,0.331,2.885,0.015,,141.0,10.0,6042.0,3.175,0.062,,Cl* Melotte 22 HII 1924,5887.9224,4.3631,-0.1871,0.0809,0.0684,0.0854,0.0486,0.0368,1.0386,MARCS,0.0
66838452861270272,true,true,true,165.89043774316295,-22.950169697232347,56.661659316992534,0.015613624,24.959436887087797,0.010989064,7.4069576100515615,0.019041356,20.610307326877866,0.01891045,-46.954463131057246,0.013955429,0.14665383,0.006659264,0.34000716,-0.07418321,-0.028791327,-0.3483834,0.011976805,0.33125204,0.15281351,-0.22704327,10.10806,10.424523,9.622222,7.560053575770158E-4,0.0022771359744594814,0.0015744397669526413,5.1193595,0.7302814,0.9594057,0.07797201,31,0.8023014,0.48583794,9.105,8.851,8.763,0.018,0.015,0.015,10.645,,10.272,,10.114,,10.036,,10.01,,HII1101,211123901,56.66158,24.95962,10.25,0.336,2.3141,0.016,,144.0,10.0,6026.0,3.18,0.063,,Cl* Melotte 22 HII 1101,5849.085,4.3448,-0.3677,0.1044,0.0882,0.1103,0.0627,0.0476,1.1163,MARCS,0.0
65020414679879296,true,true,true,166.86087797946885,-23.51604799289618,56.96895425474899,0.018850952,23.94102406851244,0.013717535,7.376293478669214,0.020493563,19.684597110725647,0.025270917,-46.393807800230576,0.017065316,0.05418004,0.086785786,0.0035774328,-0.23119538,0.056741856,-0.27513158,0.003932006,0.22868954,0.14406613,-0.05375054,9.761056,10.036342,9.328334,5.506043657558884E-4,0.0013198592197539531,8.709355225593794E-4,5.609911,0.3001664,1.3117672,0.13497075,31,0.7080078,0.4327221,8.853,8.639,8.574,0.026,0.026,0.018,10.694,,10.262,,9.993,,9.805,,9.821,,HII1613,211060621,56.96883,23.94128,9.88,0.278,2.8022,0.006,,103.0,10.0,6369.0,3.205,0.058,,Cl* Melotte 22 HII 1613,6153.414,4.3477,-0.09,0.0847,0.0726,0.0901,0.0511,0.039,1.1653,MARCS,0.0
66863058730966528,true,true,true,166.78402393967733,-22.16408706910488,57.91861505669585,0.04262207,24.982962928567403,0.025461499,7.192075944321202,0.051241267,18.226768813623966,0.052532967,-46.381209584824255,0.03641908,0.11129527,0.1955088,-0.129166,-0.21771413,0.22426459,-0.3913726,0.16465722,0.7818928,0.17905459,-0.5498764,10.70626,11.07512,10.166348,8.599140873515405E-4,0.003014049831847523,0.002347673108210421,3.777448,0.68959945,1.631875,0.24416193,31,0.9087715,0.53991127,9.535,9.219,9.137,0.021,0.015,0.022,11.1594,0.001,9.9314,0.0788,10.4477,0.0328,9.8496,,9.6768,0.0538,HII3097,211125210,57.9185,24.98318,10.94,0.397,3.3701,0.029,,198.0,10.0,5708.0,3.216,0.074,SB,Cl* Melotte 22 HII 3097,5727.5376,4.4529,-0.0977,0.2426,0.202,0.2537,0.1454,0.1082,0.9364,MARCS,0.0
66498158310444288,,,,,,58.02805274095,0.43290001153945923,24.26663731803,0.28220000863075256,8.127,0.47440001368522644,20.698,0.5680000185966492,-46.833,0.375,-0.03610000014305115,-0.014000000432133675,0.2660999894142151,-0.03610000014305115,-0.05180000141263008,-0.19050000607967377,-0.027499999850988388,0.58160001039505,0.17970000207424164,-0.26669999957084656,19.554401397705078,21.3685359954834,18.03952980041504,0.004410000052303076,0.22596900165081024,0.019287999719381332,,,1.1449999809265137,1.940000057220459,95,3.3290059566497803,1.5148719549179077,15.51,14.984,14.677,0.061,0.087,0.11,21.7366,0.1601,21.5126,0.0358,18.892,0.006,17.7427,0.0075,17.1069,0.0078,Teide02,,58.027916,24.266945,,,,,,770.0,10.0,2700.0,3.292,0.216,,CFHT-PL-13 BPL254 PLIZ3 PLZJ46 BRB11,,,,,,,,,,,0.0
66771146429454592,true,true,true,166.59098515781923,-22.800199853788516,57.29898892437124,0.02507355,24.636381429891678,0.015082819,7.122279602702367,0.028204342,20.68263911903849,0.028832106,-44.73938013188233,0.018386312,0.043096498,0.061297502,0.33938962,0.007361623,-0.0071104146,-0.15811984,-0.037547912,0.5401348,0.31284425,-0.118359596,10.304679,10.622301,9.816208,4.3419898879050776E-4,9.152754651654037E-4,9.0101246336413E-4,-0.8148704,4.039652,1.4188898,0.17963916,31,0.8060932,0.48847103,9.246,9.028,8.949,0.046,0.031,0.018,10.703,0.001,10.5367,0.0374,,,10.0723,0.1337,10.067,0.0548,HII2172,211104722,57.29885,24.6366,10.44,0.296,4.2628,0.018,,129.0,10.0,6267.0,3.293,0.06,SB,Cl* Melotte 22 HII 2172,5802.4233,4.3647,-0.4167,0.0973,0.082,0.1026,0.0584,0.0443,1.0741,MARCS,0.0
64999588381514496,true,true,true,167.16033580055282,-23.677340427844108,57.07052147815302,0.017177884,23.63658449525568,0.01334706,7.19439797679517,0.020810504,18.291523231258868,0.022341633,-44.75731337240399,0.016583046,0.21520595,0.18467492,0.17579865,0.0049827327,0.02290796,-0.29444394,-0.02364971,0.42727366,0.2559684,-0.14539443,9.99203,10.2790165,9.538562,3.6333843396567974E-4,0.0011175948115566632,8.263323873996046E-4,6.460284,0.41845354,0.9410188,0.09222963,31,0.7404547,0.45346832,9.041,8.817,8.736,0.021,0.02,0.02,10.4757,0.0307,9.5156,0.2299,10.1183,0.1711,9.6077,0.0845,11.1493,0.001,HII1797,211041683,57.07045,23.6368,10.13,0.286,2.4534,0.009,,125.0,10.0,6324.0,3.314,0.058,,Cl* Melotte 22 HII 1797,5972.009,4.277,-0.3216,0.0441,0.0375,0.0468,0.0265,0.0202,1.1322,MARCS,0.0
64971177174850304,true,true,true,166.98884192935054,-24.223722396919136,56.54194518314664,0.02012683,23.339791180056473,0.0112480065,8.18592379280657,0.018085033,21.08201982986673,0.026298441,-49.85086216733037,0.015054869,-0.17760062,-0.10586262,-0.1682751,-0.49048468,0.13105793,-0.06332855,0.08229026,0.07915591,0.21736944,0.032152902,9.99517,10.30975,9.513999,9.758372637489758E-4,0.00353092036787523,0.0024072694300152717,5.820593,0.42567685,1.0064452,0.088433854,31,0.7957506,0.48117065,8.969,8.704,8.659,0.02,0.02,0.016,10.54,0.0783,10.1856,0.0785,9.684,0.0111,9.848,0.0772,9.8117,0.1414,HII923,211023213,56.54187,23.34001,10.16,0.321,2.8527,0.02,,158.0,10.0,6082.0,3.316,0.062,,Cl* Melotte 22 HII 923,5771.8857,4.3854,-0.2451,0.0063,0.0053,0.0066,0.0038,0.0029,1.0515,MARCS,0.0
65048589663795200,,,,,,55.4757547644,0.5803999900817871,23.08452964018,0.5313000082969666,8.1092,0.6305999755859375,20.815,0.7559999823570251,-46.819,0.6610000133514404,-0.0706000030040741,0.522599995136261,0.0723000019788742,-0.0706000030040741,0.13590000569820404,-0.19619999825954437,0.15289999544620514,0.4366999864578247,-0.1746000051498413,-0.21860000491142273,20.035451889038086,21.30190086364746,18.485055923461914,0.006246000062674284,0.2857789993286133,0.028564000502228737,,,1.0950000286102295,1.8739999532699585,95,2.816844940185547,1.5503959655761719,15.68,14.916,14.383,0.051,0.053,0.07,22.218,,20.224,,19.5197,0.0095,18.0856,0.0062,17.2657,0.0105,MHObd3,,55.475456,23.084862,,,,,,800.0,10.0,2500.0,3.334,0.034,,DH174,,,,,,,,,,,0.0
65644451951851776,,,,,,58.4797412648,0.6301000118255615,23.39320632202,0.3580999970436096,8.9672,0.6603000164031982,19.433,0.7720000147819519,-47.418,0.48100000619888306,-0.3630000054836273,0.21789999306201935,-0.3840999901294708,-0.3630000054836273,0.2870999872684479,-0.21449999511241913,0.10849999636411667,0.5879999995231628,0.305400013923645,-0.32820001244544983,19.65819549560547,21.4222412109375,17.99980926513672,0.005078999791294336,0.17498399317264557,0.015987999737262726,,,1.3869999647140503,3.0999999046325684,95,3.4224319458007812,1.658385992050171,15.141,14.555,14.077,0.047,0.062,0.06,20.513,,21.7514,0.0602,18.9897,0.0059,17.6444,0.0056,16.8657,0.0119,CFHT-PL-12,,58.479584,23.393723,,,,,,800.0,10.0,2600.0,3.334,0.034,,BPL294 PLIZ6 BRB9 PLZJ9,,,,,,,,,,,0.0
64933037865353600,,,,,,57.11090286986,0.038600001484155655,23.19142582636,0.028699999675154686,11.0786,0.04129999876022339,27.711,0.05000000074505806,-41.872,0.035999998450279236,-0.16949999332427979,0.07460000365972519,0.07989999651908875,-0.16949999332427979,-0.00279999990016222,-0.19550000131130219,-0.0333000011742115,0.1005999967455864,0.10159999877214432,0.043699998408555984,15.621691703796387,17.689926147460938,14.278632164001465,0.0033009999897331,0.021592000499367714,0.0055519999004900455,,,1.0800000429153442,0.1979999989271164,31,3.4112939834594727,1.34306001663208,12.164,11.632,11.315,0.021,0.027,0.018,18.0112,0.0032,16.8026,0.0071,14.8979,0.0049,14.0467,0.003,13.5816,0.0073,HCG0332,,57.110798,23.191612,,,,,,900.0,10.0,3000.0,3.461,0.107,,HCG332 SK362 HHJ339,,,,,,,,,,,0.0
69887432964003584,,,,,,56.14660937075,0.6804999709129333,25.22840182324,0.5022000074386597,6.9928,0.7621999979019165,20.066,0.8330000042915344,-47.251,0.6589999794960022,-0.13910000026226044,0.17470000684261322,0.33059999346733093,-0.13910000026226044,-0.026900000870227814,-0.17059999704360962,0.06159999966621399,0.3303999900817871,0.02710000053048134,-0.1606999933719635,20.287155151367188,21.38143539428711,18.748098373413086,0.00711899995803833,0.2120250016450882,0.03408399969339371,,,1.2380000352859497,3.1530001163482666,95,2.6333370208740234,1.5390570163726807,15.702,14.976,14.391,0.062,0.083,0.076,22.333,,20.309,,19.8094,0.0123,18.31,0.0067,17.4567,0.0085,CFHT-PL-16,,56.146667,25.228695,,,,,,1200.0,10.0,2500.0,3.567,0.035,,PLIZ9,,,,,,,,,,,0.0
66734514652754688,,,,,,56.82475049893,1.6049000024795532,24.37529284569,1.0702999830245972,7.5777,1.7015000581741333,21.681,2.694999933242798,-43.254,1.4850000143051147,0.21789999306201935,0.05790000036358833,-0.5127000212669373,0.21789999306201935,0.11469999700784683,-0.27239999175071716,0.1446000039577484,0.5867999792098999,-0.2994999885559082,-0.1843000054359436,20.689285278320312,21.118139266967773,19.218769073486328,0.01271199993789196,0.25126999616622925,0.06586699932813644,,,0.9539999961853027,1.9609999656677246,95,1.8993699550628662,1.4705159664154053,16.31,15.623,15.185,0.095,0.103,0.12,22.055,,20.326,,20.2057,0.0237,18.7805,0.0115,17.9353,0.01,Teide01,,56.82458,24.375528,,,,,,1000.0,10.0,2500.0,3.567,0.135,,BPL137 NPL39,,,,,,,,,,,0.0
66445274374414464,,,,,,57.85662315127,0.9258999824523926,23.755762356,0.5333999991416931,5.5287,0.984000027179718,18.435,1.4919999837875366,-45.085,0.828000009059906,-0.39469999074935913,0.06620000302791595,-0.06780000030994415,-0.39469999074935913,0.014700000174343586,-0.25130000710487366,0.29739999771118164,0.6753000020980835,0.016899999231100082,-0.4120999872684479,20.505359649658203,21.482526779174805,19.00506591796875,0.006976999808102846,0.23358400166034698,0.04899600148200989,,,1.0789999961853027,1.8250000476837158,95,2.477461099624634,1.5002939701080322,16.121,15.422,15.084,0.076,0.104,0.107,21.347,,21.1961,0.1916,19.9547,0.0119,18.5801,0.0067,17.7829,0.0146,Calar-03,,57.856667,23.755722,,,,,,1800.0,10.0,2600.0,3.567,0.033,,CFHT-PL-21 BRB14 PLIZ12 BPL235,,,,,,,,,,,0.0
65229008357099136,,,,,,56.46116117179,0.6226999759674072,24.15082481751,0.4611999988555908,8.2312,0.7418000102043152,17.754,0.8930000066757202,-46.234,0.5460000038146973,-0.0738999992609024,0.0737999975681305,0.1412000060081482,-0.0738999992609024,-0.00430000014603138,-0.27630001306533813,-0.1527000069618225,0.31470000743865967,0.3765999972820282,-0.10589999705553055,20.0711612701416,21.509906768798828,18.574871063232422,0.006659000180661678,0.18877799808979034,0.030215000733733177,,,1.2050000429153442,2.927000045776367,95,2.9350359439849854,1.4962899684906006,15.849,15.016,14.546,0.066,0.075,0.083,22.783,,20.62,,19.5007,0.0159,18.1866,0.01,17.3981,0.0154,Roque13,,56.460835,24.150833,,,,,,2500.0,10.0,2600.0,3.567,0.033,,BPL79 SHF19,,,,,,,,,,,0.0
65200283613608704,true,true,true,166.6948424277865,-23.828906328587333,56.61546284551448,0.095268376,23.812491723079685,0.06689085,7.3976813023598815,0.10949784,19.371365646455065,0.10971089,-43.87192840251005,0.08346944,0.32107776,0.11340668,0.36384362,-0.15724199,0.008816622,-0.33551425,0.0845456,0.33030754,0.0465552,-0.14733121,17.136478,19.1588,15.788345,0.0011225444217890896,0.0565879151465365,0.0033727447059888607,,,0.8381101,0.38205662,95,3.3704548,1.3481331,13.713,12.953,12.632,0.024,0.024,0.026,19.6417,0.0263,18.2091,0.0062,16.4065,0.0041,15.5432,0.003,15.1072,0.0034,,,,,,,,,,,,,,,,,3351.638,4.8206,0.1532,2.2624,1.3792,2.1437,1.2051,0.9387,0.4256,MARCS,0.0
65285633203088768,true,true,true,166.01206690096535,-23.81936218193765,56.11465917614148,0.08504311,24.237911081509317,0.064261615,8.021474196031225,0.101270795,22.494818782197953,0.10269347,-49.180230958874226,0.08201182,0.17081675,0.018742597,0.3332269,-0.016124733,0.007933003,-0.2894248,0.099867545,0.37129372,0.10537261,-0.26977167,16.799587,18.621845,15.480961,0.0016415205368328584,0.024916251046162068,0.003264709789849839,,,1.3074578,0.3508177,31,3.1408844,1.3186264,13.543,12.922,12.616,0.028,0.032,0.024,19.0885,0.0109,17.7903,0.0091,16.075,0.0028,15.2653,0.0032,14.8783,0.002,,,,,,,,,,,,,,,,,3241.1262,4.8907,0.1282,1.1779,0.7213,1.1303,0.6276,0.5027,0.3625,MARCS,0.0
65023232178029440,true,true,true,166.7042180473337,-25.19858172080143,55.62266700134463,0.019671697,22.790383366074938,0.01341629,7.2107244103887105,0.020424386,20.443968442355224,0.02651824,-43.615631895788304,0.017278627,-0.01872987,-0.03148644,-0.061075322,-0.07139428,-0.07295223,-0.21499316,-0.060804,0.25692558,-0.005945998,0.03060158,14.220257,15.296538,13.1896,8.769194527447004E-4,0.004472929665668535,0.002013652303987884,-7.0555453,6.179068,1.0311948,0.0,31,2.1069384,1.0306568,11.797,11.085,10.92,0.02,0.023,0.019,15.7079,0.0042,14.4834,0.0036,13.6046,0.0088,13.1981,0.0031,12.983,0.0028,,,,,,,,,,,,,,,,,3810.2659,4.586,-0.2753,0.6939,0.4812,0.6668,0.3929,0.2739,0.6343,MARCS,0.0
64981931772948480,true,true,true,166.90512526135672,-24.094881014284066,56.575062291586306,0.018372698,23.486457610450035,0.012847055,7.179336279416077,0.019664617,19.818583154771783,0.023772229,-43.24129115752879,0.015966,0.0030039996,0.08613695,0.011462864,-0.14976178,0.064092554,0.024983881,0.023889855,0.25899747,0.17013133,0.17031951,10.363573,10.842356,9.716273,5.104724044472517E-4,0.0011101347686028797,6.532269208472858E-4,6.5240555,0.73763156,1.3110294,0.11268964,31,1.1260824,0.64729977,8.911,8.589,8.504,0.018,0.026,0.019,,,10.6815,0.0523,9.8963,0.0014,10.0541,0.191,,,,,,,,,,,,,,,,,,,5981.2676,4.1313,-0.4238,0.9277,0.7654,0.9696,0.5534,0.4162,1.3365,MARCS,0.0
65531515789166976,true,true,true,169.07131941064668,-22.589586602908053,59.27594370188052,0.11900965,23.216762689445826,0.07383421,6.885176994812599,0.12817694,17.355372215062282,0.14140351,-42.404117419051374,0.0927013,-0.021332946,0.091287516,0.3526866,0.118818715,-0.029430015,0.1561991,-0.07668603,0.6289675,0.02688508,0.043592773,17.700287,19.765,16.365238,0.0015157437649843699,0.05927351801073527,0.0078903752140485,,,0.987085,0.0,31,3.3997612,1.3350487,14.323,13.735,13.496,0.024,0.027,0.032,20.0961,0.0219,18.7813,0.0068,16.9662,0.0033,16.1291,0.0039,15.7333,0.0033,,,,,,,,,,,,,,,,,3133.202,4.9432,0.1228,1.112,0.6665,1.0659,0.5865,0.4794,0.3095,MARCS,0.0
70495707709395584,true,true,true,165.0612160347145,-20.934527883357866,57.526829832795514,0.06789363,26.97174736066095,0.043078706,7.469647336402018,0.075587675,19.551514295073243,0.082304396,-45.636413127877326,0.05677974,0.10616023,0.07945467,0.24270171,-0.07705817,-0.018237645,-0.2520675,0.03521096,0.63816524,0.074074335,-0.3173195,16.917927,18.702915,15.639234,0.0013096165644550868,0.020646241563196017,0.003042740190403797,,,1.0062532,0.060894895,31,3.0636816,1.2786932,13.801,13.16,12.928,0.025,0.027,0.027,19.0902,0.0133,17.8367,0.0082,16.2213,0.0032,15.446,0.0055,15.086,0.0052,,,,,,,,,,,,,,,,,3261.2124,4.9103,0.0454,1.1252,0.6956,1.0769,0.6025,0.4743,0.3477,MARCS,0.0
68046133239891584,true,true,true,164.25182736695893,-25.20902338244934,53.789279180431066,0.02206229,24.238698906437666,0.020485438,7.539687879108131,0.02450523,21.915036001221143,0.03298733,-46.31853232725302,0.02755744,0.36092952,0.3587447,-0.05934508,0.14182064,0.24815132,-0.23702614,0.26040488,0.5894715,-0.111849606,-0.15040664,14.357129,15.463994,13.309529,7.778307376186098E-4,0.0036016866514564433,0.0020232764216631186,5.7783346,17.263424,1.0059556,0.0,31,2.1544647,1.0475998,11.908,11.235,11.029,0.021,0.022,0.02,15.8693,0.0017,14.6391,0.0037,13.7285,0.0033,13.3156,0.0025,13.1146,0.0036,,,,,,,,,,,,,,,,,3768.4712,4.6467,-0.1261,0.6247,0.4303,0.6009,0.3523,0.2485,0.5799,MARCS,0.0
65292234570088064,true,true,true,165.89257269717191,-23.707093537818494,56.10725957131531,0.021823907,24.394496851857834,0.016240148,8.02785908082978,0.024394251,21.95042265441983,0.028079616,-49.20267411149293,0.020327898,0.012285446,0.09760405,0.11891903,-0.13420796,0.20904168,-0.21992928,0.12910104,0.34907517,0.23012649,-0.13339964,8.121808,8.253396,7.86998,3.4976719893176436E-4,6.348760841470138E-4,4.4866670742567985E-4,7.611011,0.80330706,0.9579118,0.12171388,31,0.38341618,0.2518282,7.588,7.528,7.47,0.018,0.04,0.023,,,8.504,0.0102,7.9547,9.0E-4,7.7613,0.001,7.9355,0.0437,,,,,,,,,,,,,,,,,7262.9663,4.1259,-0.5626,0.0011,0.001,0.0012,7.0E-4,5.0E-4,1.6182,A,0.0
64988322684358144,true,true,true,167.3076013468469,-23.79084742007823,57.09464904982035,0.06658998,23.461746193162426,0.05091385,7.509023760722854,0.075521074,20.586114440560067,0.08276335,-45.14237539307773,0.064756274,0.3488828,0.27515826,0.33906025,-0.02797076,0.1297814,-0.1303742,0.14765961,0.4256837,0.12796491,-0.05233036,16.84718,18.706785,15.553324,0.0011801615068306806,0.027095221346224857,0.0036075284515838667,,,0.9564138,0.0,31,3.1534615,1.2938557,13.63,13.078,12.766,0.027,0.028,0.026,19.0448,0.0251,17.8567,0.0038,16.1551,0.004,15.3503,0.0023,14.9661,0.0015,,,,,,,,,,,,,,,,,3239.9165,4.8914,0.1162,1.1375,0.6975,1.0917,0.6064,0.4852,0.36,MARCS,0.0
69470206956077056,true,true,true,163.1520794320021,-23.716709662734036,53.99969599895128,0.11778077,26.02550242086687,0.09503796,6.743869616690543,0.1351329,20.23384986757586,0.18103354,-42.08241688129668,0.13852468,0.4611873,0.29320407,-0.010494922,0.13534866,0.18481207,-0.19229048,0.2789091,0.55046886,-0.17550112,-0.16327934,17.315336,19.389893,15.9801855,0.0016112871955906273,0.039895328117579815,0.005099356895540542,,,1.0462041,0.56316745,95,3.409707,1.3351507,13.914,13.359,13.016,0.026,0.024,0.028,19.7373,0.0178,18.424,0.0084,16.5943,0.0049,15.745,0.0048,15.3241,0.0044,,,,,,,,,,,,,,,,,3238.5222,4.8759,0.1766,1.6337,0.9876,1.5603,0.8655,0.6947,0.3737,MARCS,0.0
163647015711395584,true,true,true,166.2572144344215,-19.319406790344374,59.686365376575544,0.014964119,27.395276960716007,0.0091434205,7.040956929241796,0.017944574,19.195396338905553,0.019643454,-43.17545698299308,0.012849665,0.22066493,-0.091878876,0.1768196,-0.25110638,-0.08682618,-0.4594602,0.1772147,0.6083429,-0.17284809,-0.51251596,12.728684,13.42047,11.92505,3.8054316209789674E-4,0.0014279040571466646,0.0011218032952387783,4.854623,1.1199929,0.9848471,0.040236585,31,1.4954205,0.80363464,10.894,10.304,10.153,0.022,0.028,0.025,13.6903,0.0022,12.864,,12.439,,12.177,,11.9908,0.007,,,,,,,,,,,,,,,,,4662.4033,4.561,-0.1542,0.6112,0.4642,0.6044,0.3589,0.2455,0.7336,PHOENIX,0.0
65163110673516928,true,true,true,166.7144768643634,-24.35817434607797,56.24181931752337,0.05867014,23.408471301585465,0.041527085,7.4255680209980675,0.06269569,18.802964800017666,0.08106922,-44.67446134102455,0.052099824,-0.02016394,0.13332894,-0.0989044,-0.23637792,0.07861166,-0.062161516,-0.0037383859,0.30036408,0.11817997,-0.15028003,16.323061,18.017593,15.066506,0.002228411040751096,0.022066668882163135,0.005501938200020756,,,1.0671307,0.09638561,31,2.951087,1.2565546,13.275,12.663,12.392,0.023,0.023,0.022,18.4958,0.0108,17.2044,0.0039,15.5832,0.002,14.92,0.0034,14.5655,0.0039,,,,,,,,,,,,,,,,,3369.7703,4.8448,0.0557,1.1734,0.7397,1.1244,0.6342,0.4903,0.4068,MARCS,0.0
66950435545271680,true,true,true,166.03850828226828,-22.193862590500608,57.3346673052609,0.04877678,25.428301732688972,0.02690014,6.971480338793958,0.04854271,18.90808551277509,0.061910648,-43.69680503977185,0.035125203,0.048841443,0.05802007,0.0043722196,-0.25143117,-0.03845189,-0.042975612,-0.03974437,0.51244026,0.11931273,-0.09736767,16.213099,17.842764,14.978201,0.0011131670527140195,0.009996874867704312,0.0028098129629139067,,,1.0176995,0.040525883,31,2.864563,1.2348976,13.21,12.605,12.326,0.024,0.03,0.024,18.1638,0.0068,16.9281,0.0109,15.5041,0.0078,14.8464,0.0013,14.5076,0.0029,,,,,,,,,,,,,,,,,3331.7922,4.4706,-0.6096,1.1227,0.7143,1.0731,0.6096,0.4635,0.4581,MARCS,0.0
66749121837171840,true,true,true,166.7307306585656,-22.821112476469217,57.38774921504782,0.033145078,24.533832683321616,0.019106742,7.418666857726491,0.035878733,20.208257770798163,0.044577777,-46.08040738976238,0.025125641,-0.08054989,-0.0380716,0.24490668,-0.07657933,-0.10124036,-0.20623103,-0.12245608,0.5722914,0.31313178,-0.23063645,15.359683,16.778868,14.188808,9.167958017282631E-4,0.006150748045851364,0.002622518461792731,,,1.0772529,0.07289277,31,2.5900593,1.1708746,12.604,11.987,11.745,0.022,0.022,0.02,17.169,0.0045,15.9274,0.003,14.6739,0.0068,14.0856,0.0069,13.8261,0.0026,,,,,,,,,,,,,,,,,3435.1118,4.52,-0.5297,0.7974,0.5209,0.7657,0.438,0.3277,0.508,MARCS,0.0
66556535504958848,true,true,true,166.9164061741673,-22.987108486892573,57.40235505704586,0.02065003,24.295859565672455,0.013905753,7.462035109288245,0.022498393,18.182616410101808,0.026032448,-45.94347227111504,0.018445078,0.3089684,0.2747775,0.08315797,-0.16173334,0.1078393,-0.16941008,0.14808255,0.6190529,0.023254681,-0.23899165,11.475932,11.925756,10.860993,8.231304552500609E-4,0.002215222050902156,0.0016716274166331477,6.635169,0.65957856,1.1675231,0.15206079,31,1.0647631,0.61493874,10.029,9.634,9.55,0.022,0.022,0.018,12.5202,0.4377,11.4646,0.0385,11.1762,0.0623,11.12,0.0753,11.0736,0.0244,,,,,,,,,,,,,,,,,5301.8823,4.6031,-0.056,0.2779,0.2251,0.2854,0.1657,0.1197,0.7664,MARCS,0.0
63839023796354560,true,true,true,169.0752022811425,-24.250371705547195,58.02785653537796,0.08227447,22.020523597640402,0.049189482,8.012548161643274,0.09163586,20.26129682172177,0.11883812,-48.83380959440387,0.07063137,0.043464545,0.030932317,0.20613655,-0.113788456,-0.042204797,-0.12350381,0.0318388,0.6414288,0.098487265,-0.33107185,17.154518,18.962158,15.870787,9.693429534764327E-4,0.030633238032487024,0.0035313641909913078,,,0.9361239,0.0,31,3.0913715,1.2837315,13.976,13.453,13.122,0.024,0.031,0.031,19.3391,0.0084,18.0693,0.0071,16.4341,0.0038,15.6759,0.0068,15.3023,0.0016,,,,,,,,,,,,,,,,,3212.1453,4.9633,-0.0552,1.0563,0.6493,1.0086,0.5643,0.4443,0.2963,MARCS,0.0
70493268167993984,true,true,true,165.06419069931187,-21.09400006936774,57.409403943429396,0.046101663,26.851435079305364,0.030321859,7.310328046118832,0.05131594,19.59946001609844,0.05616553,-45.50857523991807,0.0400625,0.19067656,0.19241354,0.18602096,-0.03402074,0.076211706,-0.16892758,0.0952959,0.6422646,0.15144527,-0.22147281,16.096619,17.713236,14.864273,0.0011337144506994145,0.01172618075069458,0.003039290745209135,,,1.0729588,0.13765357,31,2.8489628,1.2323456,13.086,12.466,12.263,0.022,0.022,0.021,18.0747,0.007,16.8178,0.005,15.3852,0.0017,14.719,0.003,14.3815,0.005,,,,,,,,,,,,,,,,,3306.8784,4.4247,-0.6175,1.0266,0.651,0.9833,0.5562,0.4272,0.4695,MARCS,0.0
68006241583701888,true,true,true,164.29380221253115,-25.74348271372508,53.444424149141014,0.04810928,23.805262964470735,0.031140307,8.021906987586915,0.051143233,23.62859183363217,0.058403526,-48.135897082217014,0.038308058,0.009270537,-0.009924621,0.14971231,-0.34763014,0.11949081,-0.10463466,0.11148578,0.12275875,0.2826996,-0.1015091,15.914934,17.475151,14.693427,0.0012353373460548436,0.01665283486929417,0.0028455661666897092,,,1.0345572,0.08300239,31,2.781724,1.2215071,13.006,12.396,12.14,0.023,0.023,0.021,17.8641,0.0071,16.6351,0.0047,15.2248,0.0039,14.5644,0.0014,14.2455,0.0028,,,,,,,,,,,,,,,,,3371.43,4.8475,0.0465,0.7877,0.5017,0.7588,0.4272,0.3315,0.4045,MARCS,0.0
66980362877378432,true,true,true,165.97714907935014,-21.94944243394372,57.470573906210106,0.01584435,25.647246431442863,0.009196278,7.246003957202509,0.017314317,18.623312387093794,0.018656163,-45.93795176933582,0.012443527,0.13184616,-0.056037657,0.21142252,-0.2058194,-0.08144295,-0.34683314,0.07591868,0.63755864,0.13555007,-0.39012218,9.434445,9.706347,8.994207,1.4492186138522365E-4,3.4639419230781613E-4,2.053386166701859E-4,5.507269,0.392375,1.014025,0.08204572,31,0.7121401,0.440238,8.489,8.332,8.254,0.02,0.017,0.02,9.7181,0.0177,10.1959,0.0259,9.2607,0.001,8.9475,0.001,9.786,0.0697,,,,,,,,,,,,,,,,,6435.048,4.2328,-0.29,0.257,0.222,0.275,0.155,0.12,1.3644,MARCS,0.0
66509634462127360,true,true,true,167.335420062342,-23.13121753704331,57.60485631103719,0.071723334,23.92810758936979,0.03760823,6.838599741356637,0.07411512,17.828451126462845,0.10199941,-41.79215628014446,0.049891695,-0.123127736,-0.001402747,-0.15728693,-0.26936385,-0.013232435,-0.09539823,-0.10512332,0.53720754,0.37715548,-0.16040114,16.713524,18.446587,15.454812,8.160594261741467E-4,0.016689815971215202,0.0036483041515247582,,,1.086405,0.17011708,31,2.9917746,1.2587118,13.671,13.004,12.802,0.021,0.029,0.026,18.8521,0.01,17.57,0.0095,16.0214,0.003,15.2829,0.0017,14.9361,0.0032,,,,,,,,,,,,,,,,,3291.8667,4.8826,0.0735,0.9291,0.5798,0.8934,0.4993,0.3941,0.372,MARCS,0.0
71723862196809856,true,true,true,163.17041235900524,-20.411875592884925,56.41992682270785,0.10425094,28.5348260802802,0.072977014,7.296692331701131,0.12591994,20.092324614604756,0.13042443,-44.75132515029033,0.09337024,0.28134954,0.21386898,0.35932738,0.034069434,0.12210714,-0.06323632,0.12709934,0.42094842,0.29120877,-0.062061626,17.320017,19.329128,16.009106,0.001366206021965634,0.03791013603511567,0.005663712124775452,,,0.9263265,0.41362518,95,3.3200226,1.3109112,14.078,13.505,13.177,0.026,0.037,0.027,19.6337,0.0149,18.3565,0.0055,16.5915,0.0037,15.7889,0.0054,15.3872,0.0045,,,,,,,,,,,,,,,,,3168.6814,4.9277,0.1214,1.0622,0.6424,1.0193,0.5625,0.4567,0.3259,MARCS,0.0
65173620458875008,true,true,true,166.7223117099154,-24.064466632099617,56.462718551320094,0.10163194,23.621278347196252,0.078951284,7.224087278284057,0.11069285,20.374159257125207,0.13445398,-44.819773567344086,0.10781323,0.060788177,0.12388168,0.14309435,-0.10323411,0.1626661,-0.15414578,0.13165234,0.22429468,-0.082474895,-0.057176914,16.997486,18.30291,15.578316,0.0025605227690533253,0.04603985293885031,0.01590078948964556,,,0.98196167,0.60163814,95,2.724594,1.4191704,10.647,10.084,12.575,,,0.159,18.884,,17.363,0.0065,16.1202,0.0183,15.3608,0.0241,14.932,0.0162,,,,,,,,,,,,,,,,,3281.4592,4.8775,0.0929,1.2458,0.7692,1.1932,0.6666,0.5266,0.374,MARCS,0.0
66800244832257280,true,true,true,166.04079993457182,-23.29088117881205,56.523814101890245,0.09535994,24.613683357394308,0.07000861,7.347148990756307,0.10306942,21.355364281628134,0.1317843,-45.16090854605797,0.09270173,-0.0070227305,0.13386798,-0.077474974,-0.058582965,0.0726344,-0.0839797,0.045694742,0.18941234,-0.08841282,-0.022695996,17.224361,19.027359,15.906121,0.002073487663186783,0.051111433543490334,0.007935057028137652,,,1.009063,0.162043,31,3.1212378,1.3182402,13.922,13.382,13.048,0.035,0.051,0.04,19.4994,0.0156,18.2206,0.0054,16.4921,0.0059,15.6875,0.0043,15.2796,0.0044,,,,,,,,,,,,,,,,,3179.5913,4.9292,0.1046,0.9736,0.5918,0.9351,0.5168,0.4182,0.3258,MARCS,0.0
66899239535574400,true,true,true,166.73835646501072,-21.83626790171265,58.1308067637997,0.038393978,25.251934445389914,0.029903343,7.340439849598904,0.04951113,19.837582004550185,0.05248322,-45.54461759190832,0.044908043,0.45789602,0.21642192,0.23291859,-0.060263462,0.08827236,-0.3770181,0.3611955,0.7391438,-0.18803617,-0.51859117,15.598198,17.058237,14.41126,9.085458951437023E-4,0.006637756434307578,0.0020837997966805712,,,1.0918032,0.10384907,31,2.6469774,1.1869383,12.779,12.152,11.91,0.027,0.032,0.022,17.4411,0.0093,16.2464,0.003,14.9062,0.0019,14.3081,0.0037,14.033,0.0022,,,,,,,,,,,,,,,,,3393.233,4.4652,-0.6408,0.8438,0.5478,0.8093,0.4622,0.3471,0.4831,MARCS,0.0
66565365957676416,true,true,true,166.92490285836053,-22.74748431180257,57.58720760547455,0.020498144,24.466545088074653,0.015692195,7.247913855179051,0.023266941,20.345935596036103,0.02792225,-45.482774434852004,0.022153514,0.46404785,0.2888852,0.17667946,0.06448213,0.2253135,-0.30469254,0.40309036,0.80623734,-0.10097594,-0.36885542,10.915199,11.290863,10.371225,8.612553562761303E-4,0.0027004351619860437,0.0018294601809073047,5.401723,0.40110582,1.2305748,0.117914945,31,0.9196377,0.5439739,9.746,9.397,9.307,0.018,0.016,0.017,12.5511,0.0438,12.218,,,,12.2192,0.0012,13.1714,0.002,,,,,,,,,,,,,,,,,5570.739,4.4949,-0.0724,0.1312,0.1087,0.1366,0.0786,0.058,0.8777,MARCS,0.0
63826070174824192,true,true,true,169.1804312724775,-24.434605359937677,57.96492519317743,0.053880956,21.821211162958722,0.034041513,7.520908413838251,0.058240574,20.684256689137317,0.07128362,-45.116088434998034,0.04518986,0.076370254,0.104830325,0.14287564,-0.11670021,0.08300408,-0.07998872,0.10514118,0.6973746,0.22534817,-0.21202292,16.288523,17.97776,15.031416,0.0012491930208216784,0.01559923486244965,0.0036074322288462135,,,1.1198117,0.16549538,31,2.9463444,1.2571068,13.22,12.633,12.344,0.028,0.027,0.024,18.3989,0.0066,17.0851,0.0093,15.6103,0.0094,14.8701,0.0026,14.5415,0.0015,,,,,,,,,,,,,,,,,3332.8823,4.8512,0.0778,1.016,0.6375,0.9766,0.5475,0.4291,0.3993,MARCS,0.0
68236795427794816,true,true,true,165.0685238147504,-24.538685697388676,54.88473033037803,0.049422216,24.266864029139793,0.036033478,7.182498896457282,0.057205863,19.773563485274593,0.063102424,-45.54958301411696,0.0461056,0.33617243,0.15000889,0.07008494,-0.17710097,-0.0563219,-0.28533617,-0.03743395,0.25133863,0.20571999,-0.001037589,16.123356,17.788473,14.88306,0.001409365838660405,0.014834940603234186,0.003217952326529301,,,0.967869,0.0,31,2.9054127,1.2402954,13.072,12.471,12.201,0.023,0.034,0.025,18.1598,0.01,16.8875,0.0048,15.4156,0.0022,14.7091,0.0023,14.4006,0.004,,,,,,,,,,,,,,,,,3395.7988,4.8076,0.0812,1.1246,0.7118,1.0801,0.6086,0.4715,0.4389,MARCS,0.0
68595751615127296,true,true,true,164.44663913184445,-23.635143881055566,55.06220014487003,0.03033979,25.321731267946834,0.01978342,7.429406078180151,0.032553103,21.09334184908934,0.041186675,-46.227011886895404,0.02499382,0.088123664,0.12572807,-0.040468317,-0.32076582,-8.6077506E-4,-0.13378464,-0.053469975,0.21200855,0.2718222,0.018614488,15.024521,16.341234,13.893018,8.976957095301959E-4,0.004562286647435504,0.0030329208754748455,1.512868,7.230478,1.1364865,0.06812595,31,2.4482164,1.1315031,12.343,11.69,11.507,0.023,0.036,0.018,16.7257,0.007,15.4974,0.0047,14.3501,0.002,13.8346,0.002,13.5877,9.0E-4,,,,,,,,,,,,,,,,,3628.5684,4.726,0.0079,0.8585,0.573,0.8243,0.4769,0.3474,0.5194,MARCS,0.0
65120470237460480,true,true,true,165.98326820513756,-24.847936340349104,55.345801507755894,0.015098765,23.48673483571187,0.011341385,7.4801116586688075,0.017506294,21.626674943484065,0.017876578,-45.324354884444176,0.013660543,0.1548431,0.14846635,0.29075918,-0.09999212,0.13781787,-0.18593669,0.02611972,0.17750329,0.24887027,0.115308546,9.069493,9.289895,8.691947,2.6401205686136365E-4,4.028052196771216E-4,4.0715213847596895E-4,4.2938056,2.2576797,0.98665714,0.0836804,31,0.5979481,0.3775463,8.279,8.178,8.094,0.021,0.02,0.015,,,9.341,0.0515,8.5951,0.1437,9.0698,0.001,9.3249,0.1633,,,,,,,,,,,,,,,,,6544.701,4.1781,-0.3987,0.064,0.056,0.069,0.0387,0.0303,1.4083,MARCS,0.0
66452047540860160,true,true,true,167.3489613453007,-23.446577258210976,57.38016945576194,0.07069683,23.688630836824323,0.044253692,7.362058685060756,0.07405327,19.957750625646163,0.09846682,-44.52370465052084,0.061338767,0.051769707,-0.0056840866,0.037204254,-0.18490879,-0.040888045,-0.1840466,0.0069635552,0.61865085,0.03204721,-0.30317786,16.796696,18.619001,15.503763,9.936327466336576E-4,0.02712475086169532,0.0032110743539148505,,,1.0409425,0.19019425,31,3.1152382,1.2929325,13.64,13.037,12.771,0.027,0.026,0.026,19.0231,0.0064,17.7361,0.0048,16.0767,0.0028,15.3159,0.0035,14.9357,0.0031,,,,,,,,,,,,,,,,,3225.6582,4.8954,0.1036,0.9632,0.5914,0.926,0.5136,0.4124,0.354,MARCS,0.0
71042641727187968,true,true,true,163.21927669048307,-22.65347610119553,54.81489397592177,0.12802634,26.800907214746978,0.088990174,7.725854859056574,0.13777708,21.601946539976296,0.16312906,-48.27398700074737,0.117234804,-0.06906547,0.025000062,0.08356882,-0.09713809,0.12676044,-0.053002466,0.07217206,0.2526733,0.039555185,0.24929845,17.517397,19.491276,16.198095,0.0018255003443345167,0.03384648273891198,0.006339831206362164,,,0.8190839,0.5375651,95,3.2931805,1.3193016,14.269,13.715,13.388,0.028,0.044,0.039,19.8314,0.0143,18.5335,0.0076,16.7893,0.0054,15.9816,0.0026,15.5893,0.0063,,,,,,,,,,,,,,,,,3178.4377,4.9717,-0.0431,1.2201,0.741,1.1619,0.6485,0.5134,0.2844,MARCS,0.0
65222518661019520,true,true,true,166.3684915293494,-23.746725391287338,56.43373928124347,0.016692346,24.073923595288683,0.012819437,7.32594365757548,0.01919131,19.954843057789002,0.022238605,-43.35273923240335,0.015212085,0.057435077,0.0027930955,0.2646508,0.026622182,-0.065035924,-0.33682552,-0.11389704,0.26036236,0.21666034,-0.11620363,13.691072,14.590597,12.760758,0.0016209838695068128,0.004836230668921051,0.0027529879115851304,9.706771,3.4502966,1.1184418,0.051837813,31,1.8298388,0.93031406,11.533,10.829,10.662,0.027,0.032,0.02,15.0544,0.0192,13.9082,0.0115,14.6757,0.2035,12.9825,0.0268,12.7162,0.0046,,,,,,,,,,,,,,,,,4188.462,4.6742,-0.0058,0.5951,0.4284,0.575,0.3426,0.2324,0.6154,PHOENIX,0.0
66711532283494656,true,true,true,166.727890211264,-23.421026944699406,56.94067213271087,0.053567965,24.093478715572004,0.03599539,7.361301794834977,0.058309663,20.163471457940336,0.07229964,-43.67557168646647,0.046178002,0.050306916,0.13156523,0.087347046,-0.22730432,-0.058032166,-0.08889502,-0.14552565,0.21634364,0.20665784,0.14955126,16.304049,17.939493,15.056418,0.002453713507482554,0.028075984095622224,0.007694422691955687,,,1.0365573,0.0832201,31,2.8830748,1.2476301,13.333,12.678,12.443,0.023,0.024,0.026,18.1965,0.0074,17.0024,0.0202,15.5905,0.0029,14.9171,0.0059,14.5793,0.004,,,,,,,,,,,,,,,,,3356.14,4.8557,0.0505,0.965,0.61,0.9273,0.5219,0.4053,0.3971,MARCS,0.0
66808839062339712,true,true,true,166.06153895648444,-23.091007667005883,56.68666506758425,0.09059875,24.74939162434088,0.072086364,7.382649848312971,0.09851447,20.16782120245168,0.11341955,-44.18388468038046,0.09406659,0.22888659,0.1582112,0.15027858,-0.09651831,0.12558794,-0.13009495,0.15949889,0.33313522,-0.014455607,-0.09900587,17.464863,19.405117,16.141865,0.001500751465238724,0.04327554187238876,0.00581776805340582,,,1.030175,0.21606581,31,3.2632523,1.322998,14.215,13.675,13.321,0.029,0.044,0.038,19.7547,0.0127,18.4799,0.0052,16.7345,0.0037,15.9325,0.0026,15.53,0.0038,,,,,,,,,,,,,,,,,3171.21,4.9543,0.0393,1.1298,0.6851,1.0793,0.5996,0.4798,0.3028,MARCS,0.0
65056526764528128,true,true,true,166.74629277233632,-24.807443522220236,55.93744520454143,0.034377933,23.055694268704652,0.025154112,7.183729162793427,0.037428692,20.21799379712614,0.044520486,-44.39095671123844,0.032091554,0.12566364,-0.010680969,0.18763584,-0.20903943,0.037156146,-0.260179,0.088181846,0.30552757,0.11612637,-0.16916372,15.538341,17.033222,14.345987,6.972902766657558E-4,0.005980755806003688,0.0027573552972833806,-7.40606,7.0031767,1.0226176,0.04719818,31,2.6872349,1.1923532,12.671,11.994,11.701,0.022,0.021,0.017,17.4814,0.007,16.1254,0.0058,14.8446,0.0023,14.2325,0.005,13.9531,0.0052,,,,,,,,,,,,,,,,,3508.047,4.6164,-0.3957,1.2388,0.8081,1.1823,0.6811,0.5012,0.5177,MARCS,0.0
65561473183104640,true,true,true,169.22709985879482,-21.792715887643762,59.996547399284125,0.109451234,23.684502413509016,0.059795357,7.365650912464818,0.1063152,18.238053772145097,0.14910848,-44.87531613366752,0.07874906,-0.15186003,-0.054190215,-0.22065176,-0.24282624,0.13725038,-0.08156231,0.046410237,0.5869094,0.08838452,-0.22850375,17.376736,19.306112,16.073645,0.0015556063005163464,0.03190103254312022,0.0033063304064462613,,,1.0405189,0.23784292,31,3.2324677,1.303091,14.152,13.476,13.22,0.03,0.027,0.027,19.7164,0.0131,18.4079,0.0056,16.6421,0.0035,15.8596,0.0043,15.4561,0.0045,,,,,,,,,,,,,,,,,3177.3508,4.9381,0.0774,1.0923,0.6626,1.046,0.5795,0.4665,0.3172,MARCS,0.0
70457877637565824,true,true,true,165.07141384098855,-21.556155425935966,57.06939334323902,0.06390726,26.503111885230055,0.03972838,7.771877340288462,0.067723535,20.775924413454668,0.09081696,-49.073057631362026,0.052149776,0.031587318,0.09543005,-0.011964235,-0.09999131,0.019246556,-0.090939514,-0.021862347,0.55289155,-0.08876379,-0.1257763,16.525291,18.279528,15.256958,9.068796841635696E-4,0.015070811172809914,0.0026703699122203528,,,1.016582,0.0965389,31,3.0225697,1.2683334,13.417,12.845,12.549,0.021,0.023,0.025,18.6408,0.0065,17.3922,0.0094,15.8188,0.0068,15.0943,0.0023,14.7392,0.0032,,,,,,,,,,,,,,,,,3315.939,4.8815,0.0426,1.1304,0.7066,1.0825,0.6084,0.4741,0.374,MARCS,0.0
70118197262752768,true,true,true,164.46389810159025,-23.082401982703924,55.47596879894866,0.03620947,25.729606115398568,0.026738489,7.416742738578558,0.045100294,21.901060782356616,0.04811754,-46.34521776764542,0.031298857,0.08461091,0.059760734,0.23165946,-0.112469636,-0.009331835,-0.3313598,-0.16678447,0.1442226,0.40740928,0.014249095,15.557904,17.011028,14.379108,7.42099231199604E-4,0.007489983402635461,0.002084509297808976,6.306791,14.475853,1.0264697,0.059874896,31,2.6319199,1.1787958,12.798,12.127,11.911,0.021,0.031,0.023,17.3834,0.0075,16.156,0.0036,14.8622,0.0017,14.2746,0.0011,13.9818,0.0025,,,,,,,,,,,,,,,,,3511.3418,4.7817,0.0315,0.9199,0.5996,0.884,0.5049,0.3792,0.468,MARCS,0.0
64671903852618624,true,true,true,166.13083246354725,-26.046115007825,54.59418238508955,0.0153868245,22.499479201832393,0.010120394,7.388471608091407,0.016214505,21.468512882706108,0.021254351,-44.80755231263008,0.012798345,-0.06009201,-0.07269045,0.030559048,-0.0379938,-0.23221305,-0.20095406,-0.2957163,0.21725842,0.25620493,0.14557059,9.941272,10.23137,9.487001,6.1448298140271E-4,0.001820828269670272,0.0015919779503608146,,,0.8698339,0.05938873,31,0.74436855,0.45427036,9.018,8.775,8.696,0.03,0.023,0.018,10.3,,10.019,,9.911,,9.859,,9.831,,,,,,,,,,,,,,,,,,5908.046,4.2994,-0.1408,0.0172,0.0145,0.0181,0.0103,0.0078,1.1332,MARCS,0.0
66648001127514368,true,true,true,167.35283682068717,-22.379802635127678,58.18023060080065,0.06990716,24.466110780522413,0.044344258,7.329962061772594,0.07383415,18.086389860928335,0.098427474,-44.6909379196907,0.058897495,0.06512086,0.13102418,0.078812085,-0.14425492,0.13391139,-0.1027519,0.11216985,0.59695625,0.06232957,-0.21272835,16.8203,18.59796,15.554891,0.001035043396818465,0.026054943835699944,0.0030935310159223074,,,1.0686117,0.215691,31,3.043069,1.2654085,13.721,13.146,12.931,0.028,0.035,0.026,18.9699,0.0161,17.6962,0.0027,16.0948,0.0043,15.3654,0.0027,15.0121,0.004,,,,,,,,,,,,,,,,,3267.4883,4.9086,0.0392,0.9916,0.6159,0.9504,0.532,0.4185,0.3494,MARCS,0.0
69502298951642496,true,true,true,163.2305987262085,-23.232524962050245,54.4071422812499,0.064611144,26.350991947084918,0.046126943,7.720616536554244,0.0727139,22.01373060311987,0.07744634,-48.34033186196901,0.061389767,0.18555948,0.09819841,0.38968682,-0.09320504,0.11539426,-0.048835274,0.07852935,0.20006268,0.20676813,0.112198025,16.682117,18.41536,15.418863,8.650597232408358E-4,0.024582977340621617,0.0034366686831734487,,,1.0340863,0.14843701,31,2.9964962,1.2632542,13.576,13.006,12.712,0.024,0.027,0.024,18.7771,0.0039,17.5208,0.0046,15.9469,0.0025,15.2367,0.0015,14.8873,0.0023,,,,,,,,,,,,,,,,,3285.643,4.9067,0.0185,1.0085,0.6293,0.9659,0.5424,0.4236,0.3519,MARCS,0.0
65089473457126784,true,true,true,166.40200079119194,-24.43865285446611,55.9526140176657,0.015660787,23.539193471582006,0.009658745,7.241582954749215,0.015352061,21.483314424987046,0.021675624,-44.38909546773306,0.013233407,-0.040298436,-0.04090598,-0.1285558,-0.45882437,0.091092445,-0.09426254,0.05804161,0.039998986,0.32666087,-0.008135062,13.418813,14.245265,12.528186,6.207572536417063E-4,0.0026136550636896667,0.0014487792838598467,5.435533,1.9016896,1.0401119,0.016562028,31,1.7170792,0.8906269,11.43,10.722,10.586,0.019,0.019,0.02,14.6033,0.0031,13.475,,13.029,,12.762,,12.5286,0.0053,,,,,,,,,,,,,,,,,4301.664,4.6467,0.0301,0.6736,0.4945,0.6544,0.3916,0.2628,0.6467,MARCS,0.0
66710948167949696,true,true,true,166.73316404281778,-23.489658370571263,56.89387479189458,0.06868367,24.039553949276844,0.04635695,7.493789781759396,0.07348523,19.01304665662284,0.09467606,-44.97089053166092,0.059380207,-0.020612748,0.04416204,0.0833366,-0.2539547,0.04246363,-0.13002467,-0.035506334,0.18073453,0.2535852,0.055850614,16.773333,18.40924,15.50229,0.0010876003719188345,0.03090427065815193,0.004860200756246638,,,1.0432895,0.18040413,31,2.906951,1.2710428,13.711,13.128,12.772,0.027,0.027,0.029,18.894,0.0371,17.6184,0.0132,16.07,0.0042,15.318,0.0023,14.9857,0.0026,,,,,,,,,,,,,,,,,3247.4702,4.9156,0.0482,0.7963,0.4945,0.7655,0.4269,0.3388,0.3427,MARCS,0.0
65098514364769408,true,true,true,166.07200484323602,-25.118791121420305,55.21602761544148,0.04537547,23.230535528423577,0.033592675,7.287877913694783,0.049338832,20.825910225757177,0.06466323,-45.02650905828326,0.04407725,0.015291748,0.0881182,0.017851299,0.005552055,-0.115405515,-0.14071392,-0.14948155,0.25504723,5.7741965E-4,0.12726848,16.232439,17.897514,14.988882,0.00266503436732811,0.020478436468746756,0.0064734289544100074,,,0.9655239,0.0,31,2.9086323,1.243557,13.211,12.601,12.339,0.021,0.023,0.023,18.1927,0.0087,16.9907,0.0151,15.5017,0.003,14.8368,0.011,14.4872,0.0069,,,,,,,,,,,,,,,,,3315.0308,4.6461,-0.3535,1.0248,0.6475,0.9819,0.5543,0.4275,0.4211,MARCS,0.0
66710845088732160,true,true,true,166.76150247630378,-23.45108988244744,56.94337881610533,0.025784887,24.050481718343995,0.017517837,7.555830848391911,0.02870886,20.172732693758086,0.03497097,-46.513945005186066,0.022096828,0.018093811,-0.00567506,0.128817,-0.14932494,-0.06613056,-0.20615584,-0.15478422,0.2114128,0.31448677,0.10321761,14.752962,15.9653635,13.655684,0.0010349783726637746,0.007450719636888376,0.003263841992442719,26.501575,7.654727,1.0793425,0.04990622,31,2.309679,1.0972776,12.195,11.564,11.344,0.021,0.021,0.022,16.3587,0.0056,15.1874,0.007,14.1097,0.0043,13.6564,0.003,13.4123,0.0035,,,,,,,,,,,,,,,,,3592.9597,4.6119,-0.3096,0.6437,0.4329,0.615,0.358,0.257,0.5682,PHOENIX,0.0
64449729487990912,true,true,true,166.96041118703408,-25.487213234981585,55.600196939480526,0.02101919,22.420941414601447,0.0167856,7.325781236905765,0.026610896,19.75260126482393,0.027559247,-44.404909682301366,0.020470569,0.22806546,0.22171861,-0.12940829,-0.31522483,0.106601134,-0.50761926,0.04824959,0.44173676,0.13178284,-0.4031828,10.207125,10.54199,9.700717,0.001613148315600086,0.004619067120736412,0.004041476382592164,6.6257997,0.9676342,1.4292382,0.13047159,31,0.8412733,0.50640774,9.117,8.868,8.758,0.022,0.026,0.018,10.6251,0.0032,10.3859,0.0637,10.0143,0.0164,10.1472,0.021,10.1452,0.0282,,,,,,,,,,,,,,,,,5687.9033,4.3189,-0.647,0.084,0.0705,0.0885,0.0503,0.0382,1.1438,MARCS,0.0
65552681387907200,true,true,true,169.23147370355116,-22.015258976820988,59.82917533829612,0.06473712,23.523195667052423,0.040398292,7.485000062011078,0.06885667,19.106047377216203,0.09504073,-46.42107261717893,0.05292577,-0.039149795,0.085805774,0.026355803,-0.15639916,0.08687082,-0.14064342,0.018645404,0.5197072,0.00413807,-0.19394925,16.760855,18.542149,15.477258,8.921285365494574E-4,0.01856637488610887,0.0037914448933520617,,,1.0372151,0.12908879,31,3.0648909,1.283597,13.629,13.03,12.732,0.027,0.03,0.024,18.9637,0.0129,17.675,0.0052,16.0524,0.0031,15.2928,0.002,14.9267,0.0047,,,,,,,,,,,,,,,,,3274.5132,4.8779,0.0677,1.1615,0.7183,1.1129,0.6219,0.4908,0.368,MARCS,0.0
70036695963457792,true,true,true,165.1226827647587,-22.35617256515702,56.51536449392529,0.05854974,25.874518055381774,0.04185213,7.954880662205942,0.062660865,20.88224133519206,0.078272626,-49.32035064287108,0.055523045,0.194222,0.11621307,-0.02240367,-0.12838444,0.030248158,-0.07977571,0.06117751,0.33884797,0.06708454,-0.028894868,16.64712,18.404922,15.376298,0.0011849528302169616,0.02378008682431197,0.0025561240636669392,,,1.0404488,0.0,31,3.0286245,1.2708216,13.568,12.934,12.705,0.031,0.036,0.023,18.8065,0.0095,17.5139,2.0E-4,15.9315,0.0026,15.1951,0.0016,14.8432,0.0049,,,,,,,,,,,,,,,,,3263.6052,4.9093,0.0441,0.963,0.5979,0.9237,0.5165,0.4073,0.3486,MARCS,0.0
68404711469410432,true,true,true,164.51681566674156,-25.08157912650571,54.08031222188719,0.030282205,24.181027100126805,0.024849184,8.490772034512476,0.034835164,23.65568510928842,0.040224183,-51.54382352891919,0.03247168,0.17959198,0.08269423,0.20176889,-0.038054332,0.09691728,-0.27774614,0.06350903,0.23859158,0.161203,-0.021926763,15.412398,16.903673,14.2181,9.705389401423551E-4,0.008184153478424036,0.001994347106549464,-0.21419613,5.6506114,1.0662452,0.06298288,31,2.6855736,1.1942987,12.532,11.947,11.712,0.022,0.027,0.024,17.297,0.008,16.054,0.007,14.7132,0.0037,14.0984,0.0029,13.7975,0.0032,,,,,,,,,,,,,,,,,3393.3147,4.6208,-0.3994,0.8339,0.5383,0.8008,0.4554,0.3454,0.4611,MARCS,0.0
66460225158376192,true,true,true,167.38234134404905,-23.24775776637234,57.552561036719965,0.13985832,23.8134127071611,0.06690694,7.440036984242798,0.13064224,19.48863478188771,0.18912283,-46.437842518425406,0.09083983,0.06370642,0.029851422,0.022688549,-0.46730292,-0.029055212,-0.048059497,0.022699663,0.53783643,0.13427787,-0.22708656,17.770643,19.853231,16.446558,0.0011972324596362686,0.059206615581234655,0.005604969849212646,,,1.0642482,0.3879387,31,3.4066734,1.3240852,14.514,13.88,13.544,0.036,0.041,0.038,20.1967,0.0221,18.8463,0.0082,17.0426,0.0034,16.1993,0.004,15.792,0.0047,,,,,,,,,,,,,,,,,3107.9333,4.9822,0.0272,1.1075,0.662,1.0572,0.5839,0.4735,0.2711,MARCS,0.0
69351219182301184,true,true,true,163.23618694603744,-24.435083532424862,53.55617770252821,0.071260236,25.423579863502788,0.057631098,7.308317598967427,0.078896575,20.971734501976677,0.11523569,-45.55859534691584,0.08666835,-0.18659768,0.07102785,-0.0024129043,0.248599,-0.009857077,0.07636129,-0.06720876,0.4376574,-0.22987103,0.28566542,16.92915,18.724829,15.63162,0.0011907821874211945,0.03491733107480826,0.0038342032246127702,,,1.0288146,0.09078685,31,3.0932083,1.2975292,13.726,13.056,12.824,0.024,0.026,0.026,19.1333,0.0128,17.8928,0.0034,16.2172,0.0056,15.4412,0.0028,15.0565,0.0032,,,,,,,,,,,,,,,,,3246.529,4.8969,0.1014,1.1281,0.6933,1.0818,0.6021,0.4797,0.3577,MARCS,0.0
65084358152509440,true,true,true,166.42717497038507,-24.532884476785267,55.90259101572706,0.018631699,23.453753860057788,0.011961558,7.234753689152002,0.019799236,20.104480832584933,0.026372368,-44.02245494436507,0.015942927,-0.025156945,-0.04218631,0.03759385,-0.3744688,0.093549766,-0.1806412,0.032126132,0.079370834,0.36395615,-0.050064288,13.831366,14.762932,12.873901,0.0014401110181052606,0.006410986027762964,0.004110542356265459,3.6960945,4.82149,1.1825956,0.054389518,31,1.8890305,0.9574642,11.628,10.949,10.736,0.021,0.019,0.018,15.1675,0.0108,13.9611,0.0128,13.2767,0.001,12.976,0.001,12.7935,0.003,,,,,,,,,,,,,,,,,3772.982,4.5148,-0.5369,0.3213,0.2271,0.3082,0.1838,0.1245,0.6652,PHOENIX,0.0
66757746131459200,true,true,true,166.7371176137525,-22.62856773536512,57.535995314673684,0.09700154,24.671456925853356,0.06238645,7.308001091922433,0.1052049,19.46188347990571,0.13262573,-46.864166573104114,0.08303857,-0.0011035912,0.062308118,0.17869918,-0.028297322,0.009837159,-0.0789281,-0.024711369,0.61506706,0.3072329,-0.10549805,17.477245,19.35184,16.179333,9.898808655942396E-4,0.0299425156208623,0.005386469358779779,,,0.92295635,0.0,31,3.1725063,1.2979126,14.329,13.743,13.474,0.029,0.036,0.043,19.7444,0.0352,18.455,0.0051,16.7571,0.0046,15.97,0.0045,15.5854,0.0079,,,,,,,,,,,,,,,,,3175.6523,4.9611,0.0109,1.024,0.6237,0.9787,0.5446,0.4342,0.2967,MARCS,0.0
67540495331120128,true,true,true,166.0728574813064,-20.02595554846596,58.999775418620786,0.08239625,26.999774293203018,0.049341287,7.491104925912312,0.090542376,19.042560394445882,0.09971019,-45.36234792829782,0.06313033,-0.01389675,0.036323268,0.24385591,-0.06636862,-0.0017602661,-0.0167427,-0.007405241,0.5252077,0.28071597,-0.077854395,16.923477,18.72343,15.652442,9.011470306407631E-4,0.021801487927048883,0.0028627931988481252,,,1.1216326,0.32831693,31,3.0709887,1.2710352,13.817,13.225,12.971,0.025,0.028,0.033,19.0879,0.0119,17.8325,0.0077,16.2032,0.0042,15.4675,0.005,15.1124,0.004,,,,,,,,,,,,,,,,,,,,,,,,,,,0.0
66722355601033600,true,true,true,166.7733201756013,-23.063792528745875,57.2390534091659,0.038653616,24.328640616351645,0.023802714,7.401792152784153,0.039734587,19.008718152075197,0.051664624,-45.445622804738115,0.031049615,-4.909642E-4,0.052533906,-0.147826,-0.083994225,0.01788434,-0.13308738,-0.020429036,0.4973037,0.100780964,-0.0689071,14.699243,16.110651,13.530191,7.071989802149851E-4,0.005383334341869215,0.0015463602537267996,10.863815,5.2912545,1.6424628,0.2517509,31,2.5804596,1.1690512,11.94,11.35,11.05,0.024,0.031,0.019,16.5135,0.0045,15.2518,0.006,14.0405,0.0042,13.4305,0.0019,13.1622,0.0044,,,,,,,,,,,,,,,,,3490.535,4.402,-0.4353,0.9017,0.5913,0.8665,0.4962,0.3702,0.6699,MARCS,0.0
63824901943723392,true,true,true,169.2657541151498,-24.44387934222222,58.01832823927351,0.09464455,21.760705033269936,0.05682356,7.3591452377643,0.101247855,18.176978689225006,0.1257934,-44.522902687547614,0.07493024,0.030299533,0.07372385,0.170021,-0.2250192,-0.041467726,-0.09362591,-0.033297613,0.5648162,0.19650353,-0.22039944,17.552294,19.531612,16.224325,0.001204618321283107,0.03197714842338215,0.003982314897703913,,,0.971319,0.0,31,3.3072872,1.3279686,14.231,13.613,13.292,0.026,0.03,0.033,19.9251,0.0208,18.6133,0.0065,16.8312,0.0045,15.9902,0.0026,15.5799,0.0075,,,,,,,,,,,,,,,,,3176.3027,4.94,0.0746,1.3449,0.8115,1.2829,0.7122,0.5707,0.3156,MARCS,0.0
70457671479120000,true,true,true,165.12468281597427,-21.46346265623188,57.17979485408404,0.05944722,26.539025300249094,0.034259427,7.610695564329927,0.059812795,20.643104101937567,0.080021776,-46.2689615978846,0.045051213,-0.019205004,0.1098992,-0.21940261,-0.293044,0.06954498,-0.08181099,-0.03822501,0.6186914,0.22911096,-0.11372706,16.297382,17.962172,15.044213,0.0021384213981141056,0.019066763604250806,0.005361000719566166,,,1.0172153,0.0,31,2.9179583,1.2531691,13.247,12.622,12.375,0.023,0.022,0.024,18.3266,0.007,17.0325,0.0045,15.5704,0.0057,14.8612,0.003,14.5407,0.0016,,,,,,,,,,,,,,,,,3314.3755,4.726,-0.2802,1.0843,0.683,1.0376,0.5858,0.4518,0.3957,MARCS,0.0
70150357977789056,true,true,true,164.5239503335568,-22.620601091086474,55.85925726123208,0.039825764,26.04171814484886,0.025553202,7.531798746166224,0.041320127,21.04499085890347,0.055109035,-46.57714171018587,0.03303694,-0.021611799,0.0038454982,-0.15130444,-0.22189072,0.025913786,-0.25416476,-0.0103101805,0.32940677,0.15205255,-0.05929128,15.682308,17.204485,14.481427,0.0016365342616179975,0.016022215799255078,0.004395746858928139,-21.293121,9.006933,0.94088715,0.0,31,2.7230577,1.200881,12.773,12.131,11.89,0.025,0.031,0.024,17.6169,0.0062,16.347,0.0029,14.9879,0.0026,14.3602,0.0034,14.0566,0.0025,,,,,,,,,,,,,,,,,3434.6914,4.6919,-0.2521,1.0479,0.6758,1.0041,0.5725,0.4316,0.4723,MARCS,0.0
66969676998824576,true,true,true,166.2347635232228,-21.802055050230972,57.77650195986893,0.016978191,25.594492433140854,0.010111648,7.309821489243173,0.01884424,20.12835332681689,0.019902049,-45.270036288204764,0.014017098,0.18739279,0.016559863,0.34066382,-0.112231515,-0.091414735,-0.23583275,0.11145465,0.71184987,0.04738556,-0.36505863,9.013485,9.2411585,8.625974,1.7412135102562768E-4,3.043918962633402E-4,2.3550820665788015E-4,6.1291366,0.34450424,0.89512056,0.07625448,31,0.6151848,0.38751125,8.214,8.045,8.009,0.023,0.02,0.02,,,,,,,12.0004,,12.4193,0.0015,,,,,,,,,,,,,,,,,6748.0137,4.1762,-0.5928,0.1785,0.1564,0.1925,0.108,0.0845,1.4737,PHOENIX,0.0
66453181412027392,true,true,true,167.4029301470471,-23.351849579651976,57.49021652557216,0.11548326,23.724321434845983,0.06800631,7.226296204120492,0.11827104,19.09542860220549,0.1511218,-45.252255916425355,0.08595796,-0.0130654555,0.056183085,0.04552413,-0.22291905,-0.0036248635,0.009364407,-0.030472416,0.5913148,0.2114309,-0.10476913,17.699118,19.753994,16.344934,0.002179971318155464,0.057832904219367307,0.005544282554737336,,,1.0172051,0.2734513,31,3.4090595,1.3541832,14.286,13.687,13.384,0.031,0.033,0.032,20.0475,0.0068,18.854,0.0137,16.9857,0.0075,16.1192,0.0061,15.6794,0.0072,,,,,,,,,,,,,,,,,3003.7878,4.4178,-0.501,1.5109,0.9023,1.4094,0.7944,0.615,0.3662,PHOENIX,0.0
70954307135798912,true,true,true,163.44336631044357,-23.1917105669063,54.60340551512629,0.05283634,26.256398199459113,0.04000426,8.027383099945942,0.06419512,23.409202881258885,0.05754267,-49.36680250101806,0.046065997,0.24937363,0.10489444,0.48190722,0.09479672,0.17143987,-0.29148465,0.16607286,0.49736506,0.17959362,-0.08238989,16.098974,17.784277,14.855609,0.0010050051121761137,0.009926595986183914,0.003198768874562411,,,1.0137872,0.0,31,2.928668,1.2433653,13.091,12.493,12.218,0.025,0.031,0.023,18.1352,0.0085,16.889,0.0037,15.3868,0.0044,14.6824,0.0034,14.3579,0.0023,,,,,,,,,,,,,,,,,3313.7478,4.7735,-0.1333,0.9345,0.589,0.8967,0.5048,0.3919,0.4029,MARCS,0.0
65162492198224768,true,true,true,166.74066494798666,-24.325375417068436,56.285083015982494,0.12620543,23.416768795341113,0.08962981,7.462238224855825,0.13638216,20.62067712169717,0.18898007,-46.40973690595329,0.11124432,-0.07932158,0.11904123,-0.1187497,-0.07080255,-0.03891939,-0.04766277,-0.15452652,0.3959791,0.021708809,-0.08206506,17.780386,19.695827,16.452774,0.0021452289996409446,0.11599618167926816,0.006261830471215263,,,0.9456038,0.0,31,3.2430534,1.3276119,14.435,13.837,13.47,0.028,0.037,0.035,20.2123,0.0213,18.9609,0.0148,17.0699,0.0048,16.206,0.0019,15.8016,0.0035,,,,,,,,,,,,,,,,,3128.4392,4.9639,0.0636,1.3042,0.7793,1.2433,0.6875,0.5559,0.2904,MARCS,0.0
65237911823760640,true,true,true,166.08661111402668,-24.30064556392388,55.81925319484357,0.062231496,23.83358475980971,0.044516295,7.267268144617627,0.06575415,20.109771966703775,0.088590875,-45.41689926668445,0.059215397,-0.17633484,0.12417896,-0.24657907,-0.088719085,0.17751934,0.02800087,0.05030408,0.42563862,0.12338739,-0.009564513,16.364956,18.06714,15.102766,0.003532566512666652,0.031995439424376965,0.007941961296640376,,,1.0550666,0.1133019,31,2.9643745,1.2621899,13.305,12.677,12.389,0.021,0.019,0.021,18.5068,0.0203,17.1994,0.0149,15.6722,0.0036,14.9503,0.0016,14.5689,0.0088,,,,,,,,,,,,,,,,,3333.444,4.8342,0.054,1.0736,0.6735,1.0302,0.5786,0.4516,0.4017,MARCS,0.0
64870296982175488,true,true,true,166.80330027469557,-24.72837143166563,56.03679639519022,0.02435855,23.079705895594124,0.018185189,7.34148627265026,0.029887352,21.63438626120532,0.028862135,-45.152473501335294,0.022137877,0.2680358,0.076568596,0.37145478,-0.03672449,-0.022121733,-0.3329516,0.018573305,0.34220463,0.16082554,-0.17153065,14.497981,15.656166,13.432903,0.0015819487181480644,0.006801082336856771,0.003833242542022897,18.035686,7.704399,1.1346939,0.06195498,31,2.2232628,1.0650778,12.001,11.302,11.128,0.022,0.021,0.018,16.0223,0.0079,14.8071,0.0037,13.8471,0.0205,13.425,0.0127,13.2029,0.006,,,,,,,,,,,,,,,,,3732.67,4.617,-0.2189,0.7604,0.5198,0.7301,0.4275,0.3026,0.5978,MARCS,0.0
66111886127026944,true,true,true,169.2944654288641,-20.31288688091527,61.19023428440181,0.080906436,24.68859269609942,0.053042915,7.205495297457718,0.08732671,17.321147801043338,0.10126999,-44.10268794905482,0.06316392,0.06888868,0.1819328,0.18461896,-0.09558792,0.2041818,-0.0931654,0.16077429,0.710576,0.08827355,-0.20665118,16.49185,18.087063,14.7724695,0.0010438841883531743,0.012890275468973145,0.0038167830693281797,,,1.0369165,0.5741764,95,3.3145933,1.7193804,12.736,12.062,11.768,0.024,0.03,0.027,18.6304,0.0185,17.2689,0.0091,15.5044,0.0101,14.731,0.0044,14.3559,0.0176,,,,,,,,,,,,,,,,,,,,,,,,,,,0.0
67576332537157888,true,true,true,165.13345174727965,-27.074011157719585,53.13743027013416,0.07883264,22.30325801554452,0.0575455,7.206185200664611,0.08295757,20.763835505842955,0.13640994,-43.596542979457524,0.08143884,-0.2859951,-0.010174997,0.07402102,-0.13520683,-0.094679154,-0.17199017,-0.17229825,0.121342115,-0.15584655,0.1419629,17.068302,18.920773,15.782391,0.001382112556446148,0.022998397987453262,0.004216644598372737,,,0.9001049,0.0,31,3.138382,1.2859116,13.9,13.293,13.026,0.026,0.026,0.028,19.2541,0.0172,17.987,0.0045,16.3407,0.0051,15.5818,0.002,15.2103,0.0033,,,,,,,,,,,,,,,,,3220.4438,4.9214,0.0682,1.0312,0.6326,0.9886,0.55,0.4386,0.3355,MARCS,0.0
70152144684310144,true,true,true,164.56302241253914,-22.54309643241929,55.94626178163878,0.052254733,26.07635238903365,0.032663874,7.123962622313409,0.053442292,20.134319603109525,0.08024901,-44.8751076038033,0.046707314,-0.12708761,2.911884E-4,-0.15716112,-0.19412987,0.03651211,-0.024939211,-0.016172707,0.26350054,0.028953731,-1.0786092E-4,15.8355,17.398407,14.617805,0.0014892296108601558,0.015505214878994634,0.004076569589174124,,,1.1097306,0.13523972,31,2.7806025,1.2176952,12.915,12.26,12.076,0.027,0.032,0.018,17.7656,0.0048,16.5521,0.0016,15.1299,0.0028,14.4848,0.0029,14.1735,0.0029,,,,,,,,,,,,,,,,,3390.4138,4.6817,-0.192,0.9311,0.5964,0.8943,0.5067,0.3876,0.4748,MARCS,0.0
64946025846426752,true,true,true,167.42362616369732,-23.758778076142118,57.2033347873996,0.0817031,23.41318138675708,0.064314865,7.362773276027829,0.093172885,19.200505579399927,0.10576362,-47.02477563440708,0.0806117,0.2741276,0.19961415,0.1675299,-0.07962215,0.09987525,-0.26373547,0.12113013,0.4779905,0.12051815,-0.17493808,17.347544,19.251497,16.031588,0.0013136358046638142,0.03765258393807192,0.00489721436563185,,,1.0406598,0.19123963,31,3.2199097,1.3159561,14.033,13.446,13.202,0.025,0.031,0.029,19.6518,0.0207,18.4062,0.005,16.6315,0.0025,15.7967,0.0029,15.4019,0.0027,,,,,,,,,,,,,,,,,3167.1145,4.928,0.1266,1.0764,0.6505,1.0329,0.5698,0.4632,0.3261,MARCS,0.0
69260990509512192,true,true,true,163.45981363000917,-25.030346087875273,53.3100112781537,0.07562586,24.835427662311588,0.05114446,7.995673577424718,0.09031878,23.409762302276707,0.09053723,-48.14665499567388,0.065585725,0.3175294,0.16880485,0.40813968,-0.07869501,-0.001830004,-0.051722705,0.02137911,0.20934348,0.33164054,0.026473694,16.93472,18.855425,15.6394415,0.0017283200005187565,0.02605661696692627,0.003626995569466162,,,0.983129,0.07440419,31,3.2159834,1.2952776,13.769,13.127,12.856,0.022,0.026,0.026,19.1678,0.0122,17.9349,0.0087,16.2139,0.0047,15.4293,0.0039,15.0392,0.0033,,,,,,,,,,,,,,,,,3223.364,4.9199,0.0711,1.1881,0.7268,1.1366,0.6331,0.5035,0.3375,MARCS,0.0
65026839950559744,true,true,true,166.52132235963202,-25.257479912904945,55.446290775382565,0.020018797,22.856829510979935,0.014385255,7.414311257263757,0.021684585,21.03875282773397,0.027149094,-45.91094789901183,0.019166159,0.0034300312,0.095930524,-0.12166061,0.014127326,-0.044041507,-0.09267267,-0.061996643,0.387125,-0.03596937,0.0922999,13.883523,14.821616,12.925335,8.220237878603652E-4,0.003181418176543062,0.0020994200638986184,4.145413,3.913154,1.1278907,0.046408284,31,1.8962812,0.95818806,11.728,11.062,10.852,0.021,0.021,0.019,15.2276,0.0029,14.0309,0.0148,13.319,0.001,13.0195,0.0031,12.8594,0.0035,,,,,,,,,,,,,,,,,,,,,,,,,,,0.0
65206674525036672,true,true,true,166.74580691529758,-23.69525585599019,56.75155954236713,0.103624575,23.87989483651996,0.07655069,7.258803479406005,0.12227168,19.58388880290639,0.13785316,-45.499123808652925,0.09306599,0.077808954,0.16985443,0.24468857,-0.14986657,0.0011870086,-0.19605878,-0.09774935,0.120921224,0.34015265,-0.047461603,17.452063,19.732012,16.096153,0.0013619663080565812,0.10151844095387383,0.0049357161629714685,,,1.0392975,0.29116556,31,3.6358585,1.3559093,14.048,13.42,13.098,0.027,0.036,0.03,20.0949,0.0211,18.6838,0.0055,16.733,0.0057,15.8328,0.0049,15.3813,0.0031,,,,,,,,,,,,,,,,,3000.381,4.3084,-0.5008,1.6479,0.9811,1.536,0.8652,0.6709,0.422,PHOENIX,0.0
65275020341243520,true,true,true,166.09211471943976,-23.785272411758765,56.19942719256715,0.059504423,24.214450818193416,0.047204774,7.226131411222815,0.07371257,19.303777387711943,0.07607105,-44.73235024108452,0.060042463,0.25213185,0.08818993,0.2873758,-0.073196225,-0.018960828,-0.35818,-0.06218285,0.14421487,0.23718017,-0.08837214,16.460293,18.216768,15.19673,0.0013915693704715328,0.029459085452793243,0.004674675437080641,,,1.0059536,0.093742944,31,3.0200386,1.2635632,13.329,12.733,12.427,0.024,0.034,0.018,18.5981,0.0119,17.2602,0.007,15.7714,0.0034,15.0182,0.0024,14.6781,0.0028,,,,,,,,,,,,,,,,,,,,,,,,,,,0.0
64456262134709376,true,true,true,166.85788973630892,-25.36544528617617,55.61385651221187,0.04091774,22.573392259376448,0.02758433,7.177752139311311,0.042132903,19.000000967207146,0.055527788,-43.149520528650314,0.03634245,0.13229655,0.033541597,-0.10300855,-0.34188336,0.03501043,-0.1706006,0.058444407,0.26025265,0.22860578,-0.0989983,15.731763,17.404444,14.486548,0.0010256726371570776,0.008334453507357967,0.0028967454716703443,,,1.0479097,0.0,31,2.9178953,1.2452145,12.699,12.126,11.856,0.021,0.024,0.021,17.779,0.0058,16.5246,0.0038,15.0135,0.0036,14.3369,0.0037,14.0004,0.004,,,,,,,,,,,,,,,,,3471.2935,4.7369,0.164,1.282,0.8143,1.2336,0.6948,0.5387,0.5032,MARCS,0.0
63786625195137664,true,true,true,169.35027587298765,-24.190322406234355,58.26761880948107,0.14152503,21.88980803819835,0.08915873,7.640420083089255,0.15525347,19.877369404068872,0.18687455,-47.95772125159041,0.11791808,0.09653685,0.06561872,0.20090759,-0.07509884,0.1294738,-0.15116861,0.15116705,0.6105208,0.24060911,-0.19670326,17.879002,19.982246,16.527723,0.0013671936181683748,0.04921012260056835,0.005280481616189839,,,1.0656203,0.5680312,95,3.454523,1.3512783,14.501,13.857,13.618,0.035,0.038,0.044,20.3252,0.0201,19.0239,0.0053,17.1455,0.004,16.2862,0.0036,15.8643,0.0044,,,,,,,,,,,,,,,,,,,,,,,,,,,0.0
70060610341280128,true,true,true,165.17377005345722,-21.845640966015992,56.93293309774499,0.06476695,26.224011715764593,0.048313543,7.117148539463226,0.073083125,20.062687055667485,0.084446244,-44.78331391588192,0.06284233,0.099718444,0.13535343,0.2259621,-0.112644054,0.08641295,-0.21400861,0.071538545,0.33136076,0.03076811,-0.11897069,16.817139,18.58706,15.541569,0.001572634586341959,0.023412780121202466,0.006079323733772552,,,0.9817764,0.0,31,3.0454922,1.2755699,13.718,13.104,12.824,0.025,0.032,0.03,19.0007,0.019,17.7066,0.0042,16.1043,0.0112,15.3476,0.0031,15.0089,0.0029,,,,,,,,,,,,,,,,,3280.9333,4.8939,0.0564,1.1115,0.6897,1.0648,0.5962,0.4686,0.3617,MARCS,0.0
70097581419826944,true,true,true,164.75560719010352,-23.106994170696765,55.68259731255876,0.033318687,25.534924792183052,0.02480115,7.281823665960581,0.038002826,20.132943253920264,0.0423813,-45.387221011575406,0.03426891,0.20733714,0.07231279,0.31701663,-0.108163,0.023066128,-0.21573314,0.0534475,0.21992807,0.08396673,-0.08770303,15.527512,16.979176,14.344953,0.0011304748585366847,0.008092971952280347,0.004774505950061048,-12.583101,7.1649356,1.0474272,0.0,31,2.634223,1.182559,12.701,12.08,11.818,0.021,0.029,0.021,17.3575,0.0116,16.1144,0.0077,14.8433,0.0032,14.253,0.0054,13.9752,0.0035,,,,,,,,,,,,,,,,,3440.332,4.6095,-0.3895,0.8679,0.5644,0.8332,0.4758,0.3574,0.4941,MARCS,0.0
66485582645439104,true,true,true,167.43523098279343,-23.04528061221096,57.7424400126132,0.06332747,23.92835794530036,0.036060482,7.21238536877687,0.064764075,18.43129956497794,0.08000431,-43.31389853777661,0.04928005,0.113577634,0.082275525,-0.07388633,-0.2754187,0.069000915,-0.14011888,0.08698939,0.59741515,0.062273897,-0.2808792,16.709013,18.453854,15.451104,9.113985816633948E-4,0.0136552605760302,0.0020575270142219383,,,1.0054784,0.0,31,3.0027494,1.2579088,13.655,13.011,12.766,0.028,0.033,0.026,18.8526,0.0059,17.5567,0.0064,16.004,0.0044,15.2818,0.0038,14.9286,0.0016,,,,,,,,,,,,,,,,,,,,,,,,,,,0.0
68828225308044288,true,true,true,163.48582634247074,-25.79264905953425,52.79708332251263,0.09562334,24.23216315320277,0.08096351,7.643891289964083,0.10531761,22.44063565714777,0.120318964,-45.8687406751457,0.10301792,0.36581576,0.26794076,0.2056335,0.017540542,0.29820526,0.014881057,0.30937406,0.4311269,0.2856417,0.10321645,17.328482,19.207443,16.032202,0.0014975432371823263,0.025187137828018062,0.004501012370362849,,,1.0487056,0.25112075,31,3.1752415,1.2962799,14.128,13.558,13.222,0.028,0.029,0.031,19.5403,0.01,18.3224,0.0051,16.605,0.0042,15.8154,0.0018,15.4376,0.0055,,,,,,,,,,,,,,,,,3173.0122,4.9698,-0.0266,0.9434,0.5756,0.9022,0.5021,0.4,0.2863,MARCS,0.0
66739982146803456,true,true,true,166.5226358001178,-23.036981626428002,57.07214182983378,0.01753363,24.504220723934463,0.013803975,7.443940703770764,0.01958719,19.948050725702974,0.022291059,-46.219669158617926,0.018083746,0.25680384,0.23975109,0.08226512,-0.16284968,0.06590033,-0.19501235,0.055552885,0.1678002,0.08594824,-0.10787939,13.717735,14.627194,12.773757,0.0014931638539102546,0.005833027608424269,0.003606070317312213,2.1269743,4.352952,1.2109858,0.07155271,31,1.8534374,0.9439783,11.516,10.806,10.669,0.018,0.019,0.019,14.942,0.0092,13.8113,0.0036,13.4839,0.001,12.8459,0.0052,12.6994,0.0043,,,,,,,,,,,,,,,,,4029.8464,4.6082,-0.1452,0.5382,0.385,0.5197,0.3093,0.2104,0.6332,MARCS,0.0
65199222758514048,true,true,true,166.75473688983467,-23.819262109794945,56.66684126540061,0.049206562,23.78274102188195,0.03599625,7.423995688819728,0.05679077,18.573060512208645,0.056434568,-43.7319165447048,0.04324707,0.34569848,0.3658183,0.4545814,0.038590547,0.21520926,0.06394607,0.116688415,0.36744583,0.33914807,0.20293699,16.09085,17.692274,14.820974,0.0024623131006186873,0.033113513727095076,0.0071309042223201245,,,0.9855092,0.0,31,2.8712997,1.2698765,12.987,12.289,12.033,0.021,0.023,0.023,18.1452,0.0085,16.7794,0.0095,15.3567,0.002,14.6605,0.0067,14.3122,0.0043,,,,,,,,,,,,,,,,,3436.551,4.7876,0.0577,1.4452,0.9157,1.3808,0.7835,0.5972,0.4555,MARCS,0.0
66974453002505088,true,true,true,166.09520420304602,-21.982969848504993,57.535148903959175,0.05141193,25.548658926226246,0.030466836,7.746078028052952,0.056976605,20.025605993834702,0.06346964,-47.3334367245468,0.042977817,0.28383598,0.07769738,0.3266347,-0.14562441,-0.11541534,-0.19874741,0.05941214,0.5648603,0.1632833,-0.24051489,16.260448,17.91959,15.00533,0.0013280740131848636,0.01624530187658259,0.002815001632537219,,,1.0135275,0.0,31,2.91426,1.2551184,13.228,12.619,12.38,0.023,0.021,0.023,18.323,0.0135,17.1269,0.004,15.5585,0.004,14.8416,0.0046,14.5043,0.0042,,,,,,,,,,,,,,,,,3319.8203,4.8417,0.1072,0.9239,0.5784,0.8903,0.497,0.3933,0.401,MARCS,0.0
65005262035285888,true,true,true,166.95076021638923,-23.881209892092343,56.76583191330965,0.019939182,23.616114992542006,0.015176547,7.209191094463601,0.022680594,20.780047946237538,0.024606442,-44.242085995364654,0.017609062,0.1877388,0.036860418,0.24116018,-0.21328394,-0.028590893,-0.3500729,-0.10209461,0.013917393,0.20768599,0.06761856,14.2646475,15.604331,13.129026,7.197941152861752E-4,0.00388555536040772,0.0015183831220866356,-5.860977,8.134053,1.1201135,0.05953726,31,2.4753046,1.1356211,11.499,10.824,10.591,0.023,0.019,0.02,16.0455,0.0049,14.6987,0.0021,13.5556,0.001,13.0755,0.007,12.7873,0.0037,,,,,,,,,,,,,,,,,3633.3882,4.328,-0.4613,1.1444,0.7647,1.094,0.6367,0.4573,0.815,MARCS,0.0
66537981246228096,true,true,true,167.2267963514309,-22.856602521508,57.72961087519808,0.019474799,24.19724656530266,0.012368927,7.156892922325294,0.020666307,18.856737930398275,0.023888523,-43.38606614358302,0.016301924,0.13133988,0.071597494,0.13748781,-0.115059055,0.07084772,-0.20287758,0.12658395,0.6433664,0.11581466,-0.25886348,11.425587,11.855159,10.82816,6.770552996551048E-4,0.0020373322141280584,0.0013963073397789826,5.490877,0.50997764,1.0684023,0.14961766,31,1.0269985,0.5974264,10.116,9.74,9.629,0.022,0.022,0.017,12.119,,11.553,,11.298,,11.159,,11.102,,,,,,,,,,,,,,,,,,5243.9507,4.5289,-0.2171,0.1022,0.0826,0.1047,0.0609,0.0438,0.8072,PHOENIX,0.0
65467778474649856,true,true,true,169.4336304066929,-22.46699546075112,59.62918552417765,0.09838287,23.070053029348177,0.06583629,7.4917930357404465,0.10981481,17.929924888051566,0.12681861,-45.93978898461717,0.0883665,0.052905664,-0.0911778,0.28092542,0.08381764,-0.15617688,-0.29090124,-0.02513486,0.64802057,0.03211495,-0.36813837,17.431618,19.526354,16.095354,0.001193573084854881,0.03485692002405707,0.00345503565416481,,,1.0469584,0.28097248,31,3.4309998,1.3362637,14.125,13.488,13.133,0.027,0.031,0.028,19.8344,0.0233,18.5266,0.0074,16.7178,0.0017,15.8618,0.0077,15.4397,0.0038,,,,,,,,,,,,,,,,,3163.6667,4.9197,0.1503,1.3432,0.8056,1.2852,0.7087,0.5764,0.3318,MARCS,0.0
68232603539842944,true,true,true,165.1781678901439,-24.52091596723156,54.98011655879406,0.12014684,24.21489595030865,0.09224903,7.800367963978908,0.13375787,21.617133392963602,0.17659017,-47.11979003030982,0.13633691,0.54244596,0.27878684,0.017614307,-0.23167565,-0.13183592,-0.24282177,0.014573282,0.26517215,-0.052899256,-0.15595086,17.68662,19.820995,16.355438,0.0015156460476953243,0.06394431955972905,0.008133155607763079,,,0.9772612,0.0,31,3.465557,1.3311825,14.362,13.7,13.452,0.029,0.038,0.04,20.1082,0.0189,18.7903,0.007,16.9547,0.0021,16.1098,0.0042,15.6947,0.0038,,,,,,,,,,,,,,,,,3143.225,4.9591,0.0585,1.317,0.7897,1.2566,0.6951,0.5612,0.2957,MARCS,0.0
68395399980532864,true,true,true,164.8406644866513,-23.59824881102826,55.3905828925233,0.052561644,25.113310467653303,0.034665722,7.290173911930219,0.05448923,19.96269992321523,0.07665983,-44.170530044774594,0.048836544,0.11164315,0.08952364,-0.09373279,-0.38441133,0.03722308,-0.13396966,0.016650612,0.0895727,0.26339385,-0.0106114475,15.965155,17.573677,14.735998,0.0014433607317328918,0.012525256255779046,0.0028955139024628537,,,1.0892282,0.13652645,31,2.837679,1.2291565,12.977,12.336,12.093,0.024,0.03,0.023,17.9701,0.0085,16.7077,0.0075,15.2899,0.0025,14.6014,0.0036,14.2674,0.0029,,,,,,,,,,,,,,,,,3413.3792,4.8076,0.0895,0.9998,0.6364,0.9625,0.5423,0.4201,0.4408,MARCS,0.0
65188090203295744,true,true,true,166.520852653853,-24.121461780081166,56.27211037045957,0.01780082,23.70246592516979,0.013387073,7.47060055813846,0.019710807,19.74960133387602,0.022846967,-46.401071174135026,0.016473966,0.1647358,0.03378946,0.1621556,-0.094599806,-0.0373964,-0.30478147,-0.005868364,0.25990653,0.028644536,-0.085271426,8.888269,9.08254,8.5459,2.8258995083460287E-4,5.607680772949695E-4,3.189100786026612E-4,6.2800155,0.33624768,1.1877493,0.115950935,31,0.5366392,0.34236908,8.205,8.041,8.0,0.027,0.018,0.021,9.097,,8.954,,8.944,,8.972,,8.987,,,,,,,,,,,,,,,,,,6788.402,4.1642,-0.6075,0.0294,0.0259,0.0318,0.0178,0.014,1.4286,PHOENIX,0.0
66593437863017984,true,true,true,167.44277711438062,-22.461442259925917,58.18540466189003,0.07740336,24.349683324365028,0.052237872,7.340703499896584,0.08461292,18.2859172670935,0.10573325,-44.60077798837206,0.06949783,0.060009416,0.18575434,0.21325144,-0.028158061,0.09171643,-0.022181306,0.054368366,0.6080835,0.028832728,-0.18281393,17.161787,19.036694,15.881412,0.0011546147344128255,0.0242774359192655,0.004683612047544423,,,0.95261717,0.0,31,3.155282,1.2803755,13.987,13.365,13.134,0.029,0.036,0.039,19.3406,0.024,18.0575,0.0062,16.4128,0.0056,15.6683,0.004,15.3109,0.0032,,,,,,,,,,,,,,,,,3243.0608,4.9352,-0.0201,1.2655,0.779,1.2058,0.6768,0.5289,0.3224,MARCS,0.0
71100404743364992,true,true,true,163.53795402979878,-22.077052339499392,55.485423565219484,0.075643115,27.049300667730154,0.054993942,7.582136892000841,0.09021635,21.17369495320468,0.09011833,-47.08196462791402,0.069544226,0.33407262,0.17118736,0.41069135,-0.013403297,0.13471846,-0.22022781,0.1564755,0.4262264,0.13861181,-0.043813292,16.844255,18.596922,15.583213,0.0012317838645772453,0.022440944516644898,0.004295924703448269,,,1.0609542,0.17635547,31,3.013709,1.2610426,13.779,13.191,12.903,0.026,0.036,0.031,18.938,0.0103,17.6816,0.0048,16.0967,0.0029,15.397,0.0035,15.0518,0.0025,,,,,,,,,,,,,,,,,3276.964,4.897,-0.1319,1.0749,0.6707,1.0271,0.5783,0.4488,0.3284,MARCS,0.0
65190048708380160,true,true,true,166.5519449140863,-24.062385269010743,56.3383718087484,0.01299621,23.727270954059602,0.009856893,7.277032576643956,0.013647615,19.69124947738876,0.01705619,-44.56064014037388,0.012664601,0.08724877,-2.102061E-4,0.09794955,-0.20463185,0.06310504,-0.19867781,0.1031452,0.11211804,-0.0610449,-0.10921563,12.071662,12.781521,11.243565,0.0015185179549576583,0.004956796198437002,0.0038172149951818915,-4.6504016,12.752755,1.0951537,0.07397606,31,1.5379562,0.82809734,10.153,9.609,9.402,0.021,0.021,0.018,13.1292,0.013,12.67,,12.045,,11.604,,11.418,,,,,,,,,,,,,,,,,,5570.06,4.4439,-0.2523,1.6467,1.2943,1.6733,0.9712,0.702,0.8873,MARCS,0.0
65058760147520000,true,true,true,166.75583003648984,-24.67773294975996,56.03890906143864,0.060309254,23.146191500145903,0.054113023,7.24755258395974,0.08582432,19.61969983571182,0.078162916,-44.38208098727167,0.07040221,0.32947385,0.053113207,0.23539044,-0.13060693,-7.874598E-4,-0.55862874,0.17158483,0.47286516,-0.055062283,-0.46475917,16.57428,18.37387,15.299133,0.001493017948712406,0.019776276736416177,0.0034007235385317258,,,0.99937665,0.064309165,31,3.0747375,1.2751465,13.459,12.779,12.507,0.023,0.027,0.023,18.7652,0.007,17.4346,0.006,15.8524,0.001,15.0947,0.0072,14.7407,0.0027,,,,,,,,,,,,,,,,,3325.2942,4.8482,0.0884,1.302,0.8098,1.2466,0.6992,0.5474,0.3981,MARCS,0.0
64720179284934016,true,true,true,166.10135775608956,-25.31081260331274,55.09941652410235,0.061725352,23.069039348143807,0.047374878,7.405449545963815,0.06818649,20.74053987817549,0.08151361,-44.93251892351401,0.061928846,0.012111121,0.11109206,0.0054875086,-0.033077657,0.07902434,0.023796836,0.03585745,0.31813562,0.15884931,0.24683109,16.604225,18.30029,15.349272,0.0010274907796702934,0.015772996089052815,0.003643679910502399,,,0.9961211,0.0,31,2.9510174,1.2549534,13.556,12.963,12.686,0.022,0.026,0.028,18.6887,0.0094,17.4256,0.0041,15.9049,0.0061,15.1871,0.0029,14.8433,0.0059,,,,,,,,,,,,,,,,,3321.0107,4.8904,0.0071,1.0684,0.6711,1.0223,0.5765,0.4459,0.3662,MARCS,0.0
66555573432261376,true,true,true,166.98527340888813,-22.85257273364561,57.553681045693764,0.023194987,24.3516155481885,0.017280415,7.243086363411307,0.02929124,17.833343166460896,0.031035457,-44.351060633719605,0.026031284,0.46195433,0.16891582,0.22154306,-0.15558428,0.06627403,-0.42079237,0.37374642,0.75788105,-0.19379531,-0.532761,14.462538,15.585812,13.379059,3.68038372426039E-4,0.002540817512047087,0.001609223810549352,-11.263253,6.65613,1.071376,0.032484993,31,2.2067528,1.0834789,11.454,10.841,10.638,0.019,0.019,0.021,15.9413,0.011,14.7696,0.0081,13.38,,12.939,,13.4426,0.0591,,,,,,,,,,,,,,,,,3831.4954,4.6852,0.1166,0.7856,0.5393,0.7562,0.4423,0.3138,0.5843,MARCS,0.0
63632178171114624,true,true,true,169.4584398557937,-25.376908449782395,57.46000788790077,0.050614245,20.96651689252344,0.032011975,7.384702800891043,0.056211427,19.64071321155057,0.061259136,-45.235371698623595,0.039649446,0.072042435,0.15713483,0.224788,-0.13248503,0.06026168,-0.13450085,0.012437522,0.56197244,0.21209581,-0.1595918,16.383282,18.0824,15.130301,8.06216073035081E-4,0.013907351610907167,0.0025258707291818654,,,0.9899319,0.0,31,2.952098,1.2529802,13.323,12.692,12.409,0.024,0.03,0.03,18.4534,0.0064,17.1546,0.0049,15.6619,0.0061,14.9495,0.0047,14.6103,0.0069,,,,,,,,,,,,,,,,,3314.8633,4.7841,-0.1235,1.0834,0.6806,1.0372,0.5846,0.4526,0.3988,MARCS,0.0
69918979499309952,true,true,true,165.1921463673269,-22.737408020191317,56.28772677585699,0.062107783,25.546813749362023,0.043347407,7.490897652344597,0.06659034,19.883603965289023,0.088104956,-45.44641569266047,0.060324933,0.031013058,0.029487338,0.13384894,-0.19318709,0.10660992,-0.18755133,0.09588011,0.25162336,0.09361563,-0.098126225,16.726799,18.471159,15.462037,0.0011788520047233233,0.01970414074597789,0.0035118029830395955,,,0.9686813,0.0,31,3.009122,1.2647619,13.663,12.989,12.715,0.027,0.034,0.02,18.9391,0.0048,17.5801,0.0027,16.0374,0.0035,15.2765,0.0026,14.9346,0.004,,,,,,,,,,,,,,,,,,,,,,,,,,,0.0
69911282917833216,true,true,true,164.87060807782666,-22.940640670734417,55.892333071520504,0.04316126,25.590394527610496,0.033263862,7.527230130460904,0.051191393,20.454355060832366,0.051528063,-46.13690498075705,0.03975379,0.39338648,0.22297092,0.34456038,-0.15169343,0.05051272,-0.27985835,0.03514012,0.2587979,0.16351962,-0.016464142,15.779932,17.34687,14.565957,0.0010643683090387397,0.013387902637506444,0.0025542277115787114,,,0.9578586,0.0,31,2.7809134,1.213975,12.838,12.225,11.998,0.022,0.03,0.023,17.7226,0.0063,16.4863,0.0049,15.0646,0.0026,14.4453,0.0083,14.0994,0.0028,,,,,,,,,,,,,,,,,3330.8484,4.4874,-0.532,0.8542,0.5458,0.8204,0.4643,0.3562,0.4693,MARCS,0.0
65027595864800000,true,true,true,166.57602531704242,-25.211219728609272,55.519783485203185,0.018357087,22.858358168943482,0.012842367,7.451380363496461,0.018865816,20.956669492460257,0.023744551,-44.68794288703312,0.016789766,-0.058474526,-0.09060071,-0.009934542,0.101488546,-0.15356138,-0.008098423,-0.14145507,0.376447,-0.0619035,0.16778052,9.057103,9.293049,8.661972,2.236458460917949E-4,5.271539577478328E-4,3.1165654499167E-4,5.383171,0.9212083,1.1695522,0.12062456,31,0.6310768,0.3951311,8.236,8.033,8.002,0.019,0.023,0.029,9.251,,9.055,,9.017,,9.034,,9.05,,,,,,,,,,,,,,,,,,6395.789,4.1333,-0.2956,0.0604,0.0525,0.0648,0.0365,0.0283,1.4814,MARCS,0.0
64346276612274816,true,true,true,167.44728178284603,-25.855521234461023,55.684889188557875,0.0682513,21.853444783997144,0.05229047,7.60031218737857,0.07404796,20.812982593646595,0.09030313,-46.60686632968775,0.0671247,0.085646786,0.02443246,0.1739084,-0.1947673,0.13903767,-0.2906107,0.15542775,0.2137115,-0.01984019,-0.07080064,16.967855,18.813835,15.678698,0.001457833745853412,0.03883419979402673,0.004058308991879929,,,1.0590118,0.22724326,31,3.1351376,1.2891579,13.728,13.118,12.865,0.023,0.026,0.025,19.2833,0.0106,17.8968,0.0047,16.245,0.0024,15.4697,0.0037,15.0922,0.0028,,,,,,,,,,,,,,,,,3254.2698,4.9183,0.0297,1.2475,0.7687,1.1908,0.6673,0.5235,0.3406,MARCS,0.0
68860012362308992,true,true,true,163.56986174760104,-25.39252005669921,53.14055113303768,0.04345797,24.492838697717858,0.033083256,7.86625777749718,0.0479941,23.565454764219947,0.058659036,-48.09938480561216,0.04636525,0.08902697,0.1270227,0.23898017,-0.058073483,0.014305173,0.034702864,-0.04079102,0.21004057,-0.024098031,0.18934882,16.081041,17.77265,14.842973,0.001322468782485436,0.018318021376070057,0.004303965353605515,,,1.0417594,0.026856713,31,2.929677,1.2380686,13.067,12.452,12.194,0.023,0.024,0.023,18.0604,0.0086,16.8475,0.0127,15.3687,0.008,14.6915,0.0062,14.3612,0.0027,,,,,,,,,,,,,,,,,3367.0889,4.8355,0.0614,1.0598,0.6693,1.0177,0.573,0.4447,0.4135,MARCS,0.0
65190220507070208,true,true,true,166.55366317530272,-24.016429572375117,56.373319246952896,0.014192896,23.760302335308378,0.010469701,7.399616619911859,0.015352413,19.065021323928246,0.01813691,-45.755836459670746,0.013500314,0.057893056,-0.036061823,0.13761671,-0.17634462,0.016859055,-0.2473145,0.05119759,0.116432615,0.036358453,-0.19940509,12.855757,13.581586,12.029433,6.314447402099572E-4,0.0017941090356015106,0.001431420496976465,7.391704,1.4321055,1.0100722,0.06294755,31,1.5521526,0.8263235,11.063,10.417,10.251,0.021,0.021,0.018,13.9342,0.0076,12.9472,0.0035,12.975,,12.548,,12.1485,0.0033,,,,,,,,,,,,,,,,,4610.892,4.5891,-0.0772,0.6527,0.4915,0.6421,0.3825,0.2597,0.7008,PHOENIX,0.0
65161560188203776,true,true,true,166.7585006561733,-24.394162379752704,56.24788981635665,0.11308853,23.354879829583545,0.0793311,8.093948459864036,0.123051055,22.547410052943484,0.1581903,-51.039598451214836,0.09600938,-0.026482726,0.09126813,-0.07811974,-0.097001545,-0.032812875,-0.076329686,-0.10811278,0.39517376,0.1174767,-0.1439838,17.538729,19.592358,16.224443,0.001572359030286296,0.0663461223054884,0.005685059759045914,,,0.9371447,0.0,31,3.3679142,1.3142853,14.283,13.656,13.411,0.029,0.035,0.033,19.8807,0.0237,18.5868,0.0097,16.8176,0.0024,15.9903,0.0025,15.5993,0.0057,,,,,,,,,,,,,,,,,3154.6206,4.9819,-0.0355,1.2183,0.7359,1.1598,0.6457,0.5141,0.2743,MARCS,0.0
65282098447322752,true,true,true,166.11035505575984,-23.59381896759874,56.353359973199396,0.052395333,24.345769619048642,0.03907258,6.975272360665578,0.058904808,19.667398564243655,0.070701,-43.51382742212487,0.049011815,0.26276588,0.28670764,-0.050452705,-0.22242007,-0.014201047,-0.22923158,-0.06972986,0.26932347,0.2169918,-0.014649147,16.211872,17.810318,14.96774,0.0012220731165298573,0.02967186638137908,0.0034151514480473977,,,1.0265061,0.10955103,31,2.842578,1.244132,13.165,12.539,12.253,0.026,0.033,0.018,18.2188,0.0103,16.9469,0.0104,15.4838,0.0032,14.8004,0.0061,14.4695,0.0033,,,,,,,,,,,,,,,,,3408.924,4.8117,0.0847,1.1498,0.7289,1.1041,0.6228,0.4813,0.4364,MARCS,0.0
65506467539939584,true,true,true,169.49281439636692,-21.895386222142687,60.108994347075345,0.04962992,23.438034039043746,0.031136548,7.32609101226264,0.05274904,17.78721356415285,0.07187666,-45.60853237350602,0.040590428,0.00550029,0.10993917,-0.065368496,-0.08692091,0.09693013,-0.07257223,0.02647101,0.5954031,0.0010701744,-0.15110062,16.037605,17.859928,14.751467,0.0010733295405802256,0.015597544886438577,0.0031345318542497485,,,1.082603,0.16916934,31,3.1084614,1.2861385,12.851,12.251,11.96,0.022,0.022,0.02,18.2698,0.0064,16.9925,0.0036,15.3359,0.0043,14.5458,0.0041,14.1813,0.0037,,,,,,,,,,,,,,,,,3277.477,4.5617,-0.118,1.3302,0.8233,1.2732,0.7127,0.5605,0.5267,MARCS,0.0
68364682374473856,true,true,true,165.19603436142165,-23.864005954560053,55.46807003724569,0.078093074,24.69915943227329,0.05839801,8.072320722652362,0.091608085,21.97554857431642,0.102736875,-49.142691465364116,0.07518915,0.17133217,-0.02167729,0.23313552,-0.16390857,8.9976215E-4,-0.37332073,-0.047304578,0.1041535,0.23738714,-0.042603318,17.172848,19.089901,15.869752,0.0015427970447099313,0.029410045007399115,0.005029847638559839,,,0.98814744,0.084146075,31,3.220149,1.3030958,13.979,13.395,13.111,0.026,0.035,0.033,19.4142,0.0159,18.1631,0.0089,16.4669,0.0054,15.6469,0.0041,15.2406,0.0024,,,,,,,,,,,,,,,,,3182.6335,4.9483,0.0356,1.1382,0.6919,1.0873,0.6048,0.4826,0.3084,MARCS,0.0
70043155594129536,true,true,true,164.9120741093534,-22.249281050391815,56.432104090141586,0.042067055,26.08378227148631,0.030320227,9.345195005657644,0.047279093,24.67090445213458,0.053181335,-57.51405945693416,0.03772714,0.18668512,0.06962929,0.114061095,-0.20537135,0.096446164,-0.27427563,0.07847631,0.2985684,0.2317831,-0.066642016,15.932243,17.582684,14.691605,9.046152696832224E-4,0.009567272919847946,0.002646797084176714,,,1.0830655,0.110834464,31,2.891079,1.2406387,12.932,12.377,12.1,0.032,0.041,0.025,17.9332,0.0078,16.7,0.0038,15.2199,0.0042,14.5216,0.0017,14.1999,0.0012,,,,,,,,,,,,,,,,,3323.659,4.8832,0.0251,0.8764,0.5525,0.8418,0.4734,0.3684,0.3732,MARCS,0.0
65207709613871744,true,true,true,166.79301650941397,-23.609231414343096,56.849928429173104,0.04690037,23.914271006001808,0.03655609,7.185575669070407,0.053416234,19.60591854512209,0.060044825,-46.32969547460584,0.0443024,0.0032328113,0.10493942,0.19232434,-0.030373404,0.06609534,-0.16039588,-0.028194755,0.14405158,0.2644457,0.077777304,9.739319,10.072752,9.239894,4.961622649470315E-4,0.0017777561180801695,0.0013636218793946133,5.368229,0.5776826,3.3770366,0.4180185,31,0.8328581,0.49942493,8.612,8.293,8.268,0.021,0.031,0.034,,,,,,,8.9021,0.001,9.5825,0.2873,,,,,,,,,,,,,,,,,5840.377,4.2239,-0.4022,0.114,0.0958,0.1199,0.0685,0.0515,1.3787,PHOENIX,0.0
64804360644343424,true,true,true,167.4505793147761,-24.51052437936782,56.66843414271722,0.091139905,22.84418456402768,0.06962808,7.498059675999509,0.10608541,20.17711425081245,0.12077569,-46.9291652190401,0.09301123,0.124033965,0.16905476,0.18678133,-0.16083282,0.094792075,-0.11477531,0.08894368,0.13484064,0.25219747,-0.1724162,17.284359,19.13141,15.977291,0.0013872106333260082,0.0416211888510418,0.009376425015925421,,,0.9240154,0.0,31,3.1541195,1.3070679,14.11,13.483,13.184,0.026,0.034,0.032,19.5256,0.0224,18.239,0.0048,16.556,0.0059,15.7992,0.0037,15.4151,0.0046,,,,,,,,,,,,,,,,,3212.4749,4.9606,-0.0493,1.0681,0.6564,1.0199,0.5706,0.4493,0.2984,MARCS,0.0
69400834644329984,true,true,true,163.59601747461093,-23.753763174279445,54.31970634887374,0.07181366,25.736314939496406,0.053841148,6.638812684589175,0.08078394,19.53622970070336,0.09834643,-41.50605679011709,0.06795907,0.17699057,0.26200506,-0.09827675,-0.14279954,0.22301322,-0.18033782,0.13221033,0.437765,0.27413982,0.008283576,16.81632,18.587639,15.554015,0.0011905283515167122,0.017161717306450292,0.0030478914412942586,,,0.921124,0.0,31,3.0336237,1.2623053,13.662,13.023,12.768,0.024,0.026,0.026,18.9529,0.0074,17.6791,0.0026,16.1067,0.0037,15.3672,0.0032,15.0179,0.0035,,,,,,,,,,,,,,,,,3321.906,4.8716,0.0593,1.1849,0.7398,1.1347,0.6374,0.4972,0.383,MARCS,0.0
66730120901930240,true,true,true,166.5585507517427,-23.280969741638373,56.91832612972476,0.02859798,24.3017365454314,0.017786466,7.389580808289402,0.029747551,19.474561447511093,0.04197236,-47.06906627807897,0.022896474,-0.035393007,0.07224738,-0.07773318,-0.2618351,0.03356362,-0.19438228,-0.02952255,0.35945663,0.0518651,-0.012809523,13.26761,14.080364,12.376759,0.0011763161805363265,0.0048400595414514035,0.002835366128575041,-4.709481,12.609408,1.7493252,0.15539922,31,1.7036057,0.890851,11.147,10.517,10.328,0.021,0.017,0.015,14.3429,0.0042,13.6172,0.2486,13.163,,12.692,,12.3213,6.0E-4,,,,,,,,,,,,,,,,,4900.6235,4.6398,-0.6174,1.5672,1.1891,1.5605,0.9162,0.6443,0.627,MARCS,0.0
66887660303617408,true,true,true,166.76136538244606,-22.018411974454402,58.01103965973418,0.076592684,25.10400177716007,0.05464323,7.409750575654702,0.090985686,18.401739366429393,0.097825006,-45.28473751782227,0.076285474,0.36874723,0.22126359,0.13569365,-0.11508407,0.15320994,-0.32892483,0.30692822,0.72166926,-0.033837654,-0.4222576,16.868773,18.824398,15.608827,0.0011489297852513955,0.04183444568372763,0.010731125780487138,,,1.0254073,0.15679924,31,3.2155714,1.2599459,13.646,13.114,12.84,0.028,0.02,0.033,19.0126,0.0156,17.7431,0.0076,16.1371,0.0044,15.3903,0.0029,15.041,0.0023,,,,,,,,,,,,,,,,,3221.6128,4.9177,0.0657,0.9364,0.576,0.899,0.4999,0.3991,0.3374,MARCS,0.0
66982458821495424,true,true,true,166.11334968425084,-21.818903907644764,57.671764133234255,0.097975366,25.65830715785549,0.07927102,7.5531174702120305,0.12226855,20.202756856391737,0.13674496,-47.39138443471077,0.115181595,0.34017077,0.19126777,0.17166415,0.07664126,0.101581536,-0.4152379,0.26305136,0.7795588,-0.02521948,-0.49244425,17.51472,19.417814,16.193716,9.154583303465112E-4,0.04697360057753365,0.003346492530723451,,,1.0171729,0.16289389,31,3.2240982,1.3210049,14.193,13.578,13.282,0.03,0.029,0.033,19.8995,0.0261,18.563,0.0091,16.7696,0.0033,15.9624,0.0039,15.5566,0.0037,,,,,,,,,,,,,,,,,3180.5552,4.9347,0.0863,1.2877,0.7783,1.2299,0.6823,0.5477,0.3209,MARCS,0.0
65014195567317504,true,true,true,167.0566635034517,-23.624593498428865,57.03323531524461,0.044325095,23.739708845865792,0.03309592,7.607866490051984,0.053744268,19.479681726603236,0.057573028,-46.647898608854916,0.041790597,0.23515408,0.16946569,0.25332877,-0.060028285,0.020170286,-0.29050547,0.010933606,0.3901067,0.19258972,-0.16439569,15.997229,17.562798,14.775707,0.0013417270435563604,0.016426980666354344,0.0031151438642155146,,,1.0254738,0.06423533,31,2.7870903,1.2215214,13.03,12.428,12.177,0.02,0.025,0.024,17.9302,0.0206,16.6728,0.0062,15.3369,0.0018,14.6235,0.0032,14.3046,0.0024,,,,,,,,,,,,,,,,,3307.4795,4.4143,-0.661,0.9636,0.6131,0.9231,0.5229,0.4002,0.4653,MARCS,0.0
64770241424108032,true,true,true,167.36299552741485,-25.098621322247123,56.174349922317965,0.017604748,22.464346002407783,0.013418484,7.552546175586704,0.018995658,22.07658515026903,0.022160053,-45.371615655295926,0.015413303,-0.007083875,0.17248854,-0.20760123,-0.005520595,-0.0073951106,-0.18562204,-0.060231127,0.34690735,-0.008848022,0.0139074,10.5909195,10.962697,10.047034,8.184781421612359E-4,0.0028811873869149323,0.0020234899748703644,5.970043,0.36075333,1.1492659,0.09673814,31,0.91566277,0.54388523,9.477,9.14,9.072,0.021,0.021,0.02,11.8773,0.0207,10.98,0.1753,10.2428,0.0046,12.29,0.014,11.4793,0.001,,,,,,,,,,,,,,,,,5800.079,4.4888,0.0573,0.299,0.2491,0.3125,0.1793,0.1332,0.9492,MARCS,0.0
65507807569730304,true,true,true,169.52636167829448,-21.850194037665016,60.167780313721146,0.089005165,23.44816967272641,0.052383922,7.773348548881009,0.093191974,18.444319770885315,0.13234563,-48.22819981374479,0.06665102,-0.14579448,0.06558815,-0.12767047,-0.21060438,0.07580716,0.016455155,-0.0965271,0.6446213,0.05301248,-0.13407446,16.982033,19.00937,15.656887,9.880664836570009E-4,0.029558523325438808,0.002686268854994213,,,1.0454,0.25251225,31,3.3524837,1.3251457,13.683,13.09,12.794,0.021,0.027,0.024,19.3416,0.0168,18.0558,0.0082,16.2513,0.0021,15.4379,0.0049,15.0442,0.0039,,,,,,,,,,,,,,,,,3215.0437,4.892,0.1626,1.2957,0.7859,1.2425,0.6871,0.5553,0.3594,MARCS,0.0
68232191222851456,true,true,true,165.2138129842303,-24.489316785889766,55.02968901109932,0.113504454,24.21745010720196,0.08368793,7.3311977139771844,0.123022094,21.004541730395342,0.14672327,-46.72419357942475,0.106855236,0.12708344,0.13349639,-0.020524785,-0.16069418,-0.13409497,-0.103143334,-0.1554992,0.09367317,0.18874823,0.17773756,17.691679,19.59014,16.356083,0.0020738290364292955,0.06442583904446962,0.006480886357588203,,,0.79382396,0.16394928,95,3.2340565,1.3355961,14.371,13.812,13.541,0.038,0.051,0.036,20.1183,0.01,18.8316,0.0083,16.984,0.0036,16.1429,0.0029,15.7164,0.0053,,,,,,,,,,,,,,,,,3129.348,4.9649,0.0574,1.1399,0.6836,1.0891,0.6017,0.4873,0.2893,MARCS,0.0
68356367317952256,true,true,true,164.94419883312753,-24.016313011926545,55.166905206554425,0.03902645,24.73568048752452,0.028485263,7.546891212349643,0.04470205,21.054175573782974,0.052771624,-47.18961144353148,0.038368635,0.4482858,0.26516324,0.16409001,-0.34324858,-0.13497484,-0.29308042,-0.09012479,0.1431081,0.17650437,-0.099287495,15.603813,17.066156,14.419466,9.976557025715442E-4,0.00881342759611213,0.0024350602610283176,,,1.0915166,0.0,31,2.6466904,1.1843472,12.81,12.204,11.934,0.033,0.042,0.037,17.4651,0.0089,16.2251,0.0096,14.9031,0.0022,14.3004,0.0022,14.0174,0.0055,,,,,,,,,,,,,,,,,3423.7104,4.6521,-0.3799,0.8403,0.5453,0.8068,0.4601,0.3467,0.4622,MARCS,0.0
64879402312818944,true,true,true,166.79637759191655,-24.479170593301124,56.21358052689102,0.017017504,23.26872443224326,0.013155131,7.394624876379964,0.018698333,20.545926181047776,0.022892917,-44.30031551839597,0.016449539,0.22330272,0.26810077,0.106817536,-0.22381644,0.048051734,-0.11996555,0.04304901,0.31115085,0.023334282,-0.18989238,8.886077,9.084315,8.53639,1.957516674016096E-4,4.8376508639764483E-4,3.621172431724895E-4,6.5465837,0.18605234,0.9805125,0.09845197,31,0.547925,0.34968662,8.184,8.006,7.984,0.023,0.024,0.033,9.8272,0.0144,8.5687,0.001,8.9262,0.0263,9.2977,0.0104,8.7101,0.0051,,,,,,,,,,,,,,,,,6726.9897,4.1964,-0.4426,0.0132,0.0116,0.0143,0.008,0.0063,1.4515,PHOENIX,0.0
64768763955442944,true,true,true,167.45773954275677,-24.93734153448567,56.360732948219095,0.048513915,22.525409252257422,0.03929599,7.33043869209861,0.053152155,19.916122118909534,0.06212655,-44.2544686931443,0.051234093,0.37887135,0.19883297,0.08570473,-0.19754364,0.08061362,-0.26288733,0.13467988,0.21325132,0.0019211161,-0.008344994,16.099396,17.661139,14.873864,0.0021867548340004143,0.017117822786480632,0.005533737137351042,,,1.0771861,0.0,31,2.7872744,1.2255316,13.101,12.555,12.249,0.021,0.023,0.02,18.103,0.0131,16.8007,0.0085,15.3558,0.0044,14.7283,0.0103,14.4098,0.0054,,,,,,,,,,,,,,,,,3380.775,4.8397,0.0264,0.8883,0.5661,0.8538,0.4822,0.3716,0.4101,MARCS,0.0
70948534699826816,true,true,true,163.6296795589869,-22.91890200523277,54.94599529040383,0.06549613,26.35383893121537,0.046284553,7.870925036200136,0.07438676,22.460803636010063,0.09306584,-48.93256705363639,0.06381396,0.19810319,0.17397419,0.031209184,-0.2529883,0.17102167,0.008022956,0.17804721,0.27733985,0.36591065,-0.012845426,16.685457,18.449652,15.421692,0.0011480916530075555,0.01682207715614783,0.004691455291799563,,,1.0034993,0.09819987,31,3.0279598,1.2637653,13.573,12.99,12.73,0.029,0.035,0.025,18.7816,0.011,17.5156,0.0044,15.9816,0.0055,15.2483,0.0011,14.8948,0.0028,,,,,,,,,,,,,,,,,3283.5442,4.9173,-0.0474,1.058,0.6604,1.0115,0.5693,0.4422,0.3367,MARCS,0.0
66903293984399872,true,true,true,166.59509089091424,-22.076815382379834,57.8423312184945,0.018518234,25.165928880530256,0.009506052,7.207573585446735,0.018511295,19.598903434367212,0.02223983,-45.434094042339595,0.012342448,0.010878033,0.006675679,0.012018743,-0.31059855,0.044347487,-0.11501604,0.051606946,0.5821984,0.3096723,-0.18621744,13.613075,14.502443,12.683687,7.63415741886614E-4,0.0031391890974507043,0.001924384521646695,3.9179668,3.0264812,1.1168429,0.038795795,31,1.8187561,0.92938805,11.493,10.828,10.655,0.021,0.015,0.021,14.9284,0.0034,13.104,,12.803,,12.661,,12.6387,0.0041,,,,,,,,,,,,,,,,,4194.8916,4.6226,0.1337,0.7043,0.5093,0.6813,0.4068,0.2746,0.6529,MARCS,0.0
66712253837994880,true,true,true,166.7758100739198,-23.352681853209315,57.026765715524206,0.0763789,24.114207274352665,0.044431962,7.217691953294109,0.0763905,20.11224968831819,0.1082183,-46.853801212355826,0.057575002,0.09640574,0.04117982,-0.1722009,-0.39555153,-0.1849748,-0.20466223,-0.20492436,0.14498487,0.35657233,0.08604151,16.740343,18.456854,15.468422,0.0012526190169282905,0.037679217664709226,0.00867232766686207,,,0.9946763,0.0,31,2.988432,1.2719212,13.617,13.023,12.774,0.025,0.029,0.026,18.907,0.0236,17.6026,0.0071,16.025,0.0073,15.2896,0.0034,14.9444,0.0023,,,,,,,,,,,,,,,,,3277.189,4.8956,0.049,0.9614,0.5983,0.9228,0.5162,0.4066,0.3583,MARCS,0.0
66788253282520192,true,true,true,166.12471738005814,-23.287789130555844,56.589064965453765,0.09948326,24.56438443480984,0.06436604,7.178588553994465,0.10578913,19.246538812863587,0.16182542,-44.22326675288659,0.09158542,-0.31577805,-0.1620871,-0.15587492,0.16133645,-0.12760618,-0.015783045,-0.13281454,0.38739678,-0.39069274,0.12338755,17.185026,19.154016,15.884916,0.0016803375305932313,0.038651890784311534,0.004148520130216075,,,1.0056987,0.18030705,31,3.2691002,1.3001099,14.021,13.372,13.148,0.028,0.031,0.035,19.4035,0.0131,18.1616,0.0092,16.4871,0.0028,15.68,0.0029,15.2817,0.0019,,,,,,,,,,,,,,,,,3216.8198,4.9181,0.0833,1.2239,0.7467,1.171,0.6513,0.5196,0.3383,MARCS,0.0
163355546348513152,true,true,true,167.06401068648566,-19.50069202152507,60.163539103446325,0.024851497,26.73850580231863,0.015529517,7.2464846919275585,0.027860321,18.146826051496276,0.030340465,-45.87143620894411,0.019756082,0.096264176,0.073807046,0.31968898,-0.03239914,0.07167266,-0.23395328,0.119230226,0.614437,-0.0014432059,-0.23581268,14.682872,15.917371,13.583852,7.697085492813474E-4,0.00436314377958359,0.0020141243167217256,30.807,6.824354,1.0153785,0.0,31,2.333519,1.09902,12.064,11.367,11.17,0.023,0.022,0.018,16.3479,0.0062,15.0581,0.0062,14.0491,0.0051,13.5557,0.0032,13.3058,0.0043,,,,,,,,,,,,,,,,,3592.585,4.4125,-0.7224,0.8038,0.5421,0.7701,0.4489,0.3212,0.6158,MARCS,0.0
63627264728628224,true,true,true,169.65450750171166,-25.077396854430983,57.81933478424535,0.059702486,21.059534771691627,0.031453308,7.287873038911874,0.066088505,19.478693528215878,0.082989104,-44.728922308426654,0.042277094,0.10872887,0.10837947,0.20597133,-0.28863373,-0.032091532,0.07509684,0.078574024,0.6226513,0.31526643,-0.15031166,16.346361,18.020565,15.089913,9.125183308488933E-4,0.020558671925436995,0.0023463771141796442,,,0.9920918,0.0,31,2.9306517,1.2564478,13.309,12.732,12.381,0.024,0.03,0.023,18.4265,0.0093,17.1547,0.0027,15.6096,0.0066,14.9107,0.0018,14.5864,0.0042,,,,,,,,,,,,,,,,,,,,,,,,,,,0.0
68367190635351936,true,true,true,165.22806587629697,-23.674267632288352,55.63011375428247,0.08353798,24.822480219877267,0.060850617,7.376373066555206,0.09368312,20.141859639629043,0.11398238,-45.80907314562114,0.0778471,0.120526426,0.10090357,0.06432042,-0.15080765,0.08703492,-0.1993295,0.03876495,0.30799264,0.25027657,-0.008163148,17.305487,19.210033,15.999046,0.0012118203857186718,0.031391776644640004,0.0032163570806632647,,,1.0256048,0.17928109,31,3.210987,1.3064404,14.037,13.403,13.131,0.026,0.038,0.035,19.6157,0.0162,18.3159,0.0038,16.5826,0.0049,15.7771,0.0033,15.3694,0.0053,,,,,,,,,,,,,,,,,3175.9138,4.9371,0.0809,1.1085,0.6718,1.0612,0.5879,0.4733,0.3177,MARCS,0.0
68390830135333504,true,true,true,164.98233120001433,-23.596112013051865,55.50015912504816,0.055026907,25.029602171661214,0.03852439,7.25899117883176,0.061878096,19.93211124667289,0.07609997,-45.037566573852786,0.04992074,0.08464239,0.11951921,-0.0016623414,-0.21574727,0.15214399,-0.14672096,0.10214255,0.3419994,0.31076357,-0.112130225,15.981778,17.579458,14.757203,0.001771049899170861,0.011990507451486785,0.0043286525305925765,,,1.0519222,0.102689125,31,2.8222551,1.224575,13.041,12.443,12.165,0.024,0.031,0.022,17.9073,0.0167,16.6855,0.0066,15.3032,0.0033,14.6053,0.0015,14.301,0.008,,,,,,,,,,,,,,,,,3333.3105,4.4725,-0.5757,1.0219,0.651,0.9787,0.5549,0.4237,0.4641,MARCS,0.0
64795289673433728,true,true,true,167.4713872030256,-24.681796898425482,56.557800866024586,0.062607385,22.70530804048819,0.043911345,7.446592878019465,0.07163346,19.323375340959032,0.076803684,-46.23261997050603,0.055955417,0.32541573,0.14072609,0.35340875,-0.23101981,0.020894367,-0.23618545,0.113156095,0.3196222,0.07359979,-0.150699,16.55351,18.437225,15.259391,0.0010172641094460338,0.017722595632142214,0.002590716060681154,,,0.97679853,0.0,31,3.1778345,1.2941198,13.367,12.791,12.461,0.024,0.023,0.023,18.8797,0.0082,17.5434,0.0038,15.8493,0.0024,15.0641,0.0029,14.6794,0.0048,,,,,,,,,,,,,,,,,3271.6921,4.8171,0.1386,1.2171,0.7481,1.1694,0.6494,0.52,0.4073,MARCS,0.0
69294010218010240,true,true,true,163.6423865859876,-24.22157463989707,54.02223934604324,0.05491814,25.35081711484489,0.045897212,7.585001426477031,0.06410692,21.288737413062243,0.069082886,-46.610443688983764,0.05892486,0.33494657,0.19872195,0.26761046,-0.05241236,0.14576243,-0.2074587,0.12919952,0.30234814,0.17950147,0.018987358,16.418324,18.085238,15.159132,0.0014344861517664917,0.015060475157528485,0.006962719023621074,,,0.93792504,0.0,31,2.9261055,1.2591915,13.365,12.79,12.46,0.026,0.03,0.023,18.4632,0.0215,17.2254,0.0052,15.7088,0.004,15.0105,0.0059,14.6722,0.0043,,,,,,,,,,,,,,,,,3323.6409,4.8804,0.0315,0.9481,0.5965,0.9099,0.5116,0.3983,0.3753,MARCS,0.0
65211145587780992,true,true,true,166.60672877062672,-23.693641026399963,56.64972601817595,0.018354148,23.966825124571223,0.012324204,7.232270978962829,0.021978041,19.293091542047552,0.021973943,-44.06839315224453,0.016105747,0.22300924,-0.02852219,0.43979567,-0.13726759,-0.12907842,-0.351037,0.04035129,0.399255,-0.03959986,-0.28407297,13.736212,14.64295,12.7896185,0.0020926590793419776,0.008599417746977847,0.004723116571244923,12.356402,3.281551,1.0316483,0.0,31,1.8533316,0.9465933,11.513,10.832,10.652,0.021,0.017,0.02,14.9673,0.0246,13.8588,0.0119,16.0179,0.0048,12.8445,0.0116,12.6735,0.022,,,,,,,,,,,,,,,,,4099.0776,4.6289,0.0908,0.649,0.4649,0.6269,0.3732,0.2536,0.6408,MARCS,0.0
64974338270788864,true,true,true,166.79078882552002,-24.35443645236223,56.30068677483327,0.054947335,23.36456659754402,0.037882466,7.400842842890291,0.05960634,20.3498907854033,0.07312076,-45.84120467577862,0.046997488,0.09047874,0.16940108,-0.15049903,-0.2006466,0.030240625,-0.10516031,-0.028832486,0.36270815,0.09431249,-0.14079958,16.11487,17.743353,14.877634,0.002331217584363806,0.013918643014154538,0.004656871383206385,,,1.050245,0.11123322,31,2.8657188,1.237236,13.136,12.503,12.283,0.024,0.019,0.023,18.0949,0.0032,16.8099,0.0047,15.4365,0.0072,14.7553,0.005,14.4064,0.0051,,,,,,,,,,,,,,,,,3359.895,4.7551,-0.1907,1.0173,0.6466,0.9749,0.5519,0.423,0.4174,MARCS,0.0
65245539685760640,true,true,true,166.12640501161175,-24.11022970078347,55.98757249612545,0.051064625,23.951447980307357,0.037208103,7.402115833370591,0.05644979,20.851458975858712,0.06302881,-45.58232051561048,0.046870254,0.2486858,0.22066927,0.22575554,-0.17677236,0.09250266,-0.12616293,0.12297865,0.33505872,-0.061413135,-0.11779635,16.285315,17.977835,15.0223465,0.0012772098469701796,0.017777993773523466,0.00673355318792992,,,0.9595332,0.0,31,2.9554882,1.2629681,13.18,12.557,12.302,0.027,0.034,0.025,18.3983,0.0066,17.0613,0.0046,15.562,0.0048,14.8599,0.0013,14.5172,0.0037,,,,,,,,,,,,,,,,,3313.5842,4.7094,-0.2067,1.1453,0.719,1.0961,0.6178,0.4782,0.4236,MARCS,0.0
66665902550940672,true,true,true,167.07097586929612,-22.34758210616059,57.995147229750785,0.035954706,24.66772413079618,0.02183722,7.266969975379016,0.03739442,18.00523712707878,0.048752718,-44.88706041466088,0.029361319,0.08302877,0.10925252,0.07837307,-0.22923957,0.10996655,-0.13425063,0.1107081,0.57082117,0.06729277,-0.23656267,15.61589,17.081081,14.4300785,7.278708125080324E-4,0.006628062165422688,0.0020179511937946015,0.4633773,8.014426,1.0646888,0.0683873,31,2.651003,1.185811,12.804,12.161,11.921,0.026,0.019,0.032,17.4501,0.0105,16.2142,0.0033,14.9166,0.0023,14.3129,0.0025,14.0312,0.0039,,,,,,,,,,,,,,,,,3385.708,4.5132,-0.5351,0.7613,0.4931,0.7316,0.4164,0.3153,0.481,MARCS,0.0
64380636350910464,true,true,true,167.36827646079402,-25.508465448009957,55.879802083014745,0.016379489,22.158174613753417,0.012531339,7.407734326818096,0.018777253,19.658834319467623,0.021704167,-45.71134755190139,0.014998409,0.15913968,0.12146746,0.103096694,-0.1295595,0.13266134,-0.27764884,0.08294903,0.35413408,0.245005,-0.11675291,10.233227,10.593171,9.701839,4.145916048846601E-4,0.0010025172431483496,7.557090103086194E-4,6.751604,0.33272696,1.0394521,0.11000089,95,0.8913317,0.5313873,9.086,8.819,8.777,0.02,0.021,0.021,10.472,,10.144,,10.022,,9.977,,9.968,,,,,,,,,,,,,,,,,,5906.1616,4.2758,-0.2912,0.3366,0.2826,0.3544,0.2019,0.1525,1.1258,MARCS,0.0
63662311661690880,true,true,true,169.67091645873228,-24.65023335499688,58.14931470540614,0.06308256,21.356272708106935,0.03947246,6.951973073080217,0.0705504,18.37231914949358,0.07934415,-42.43238580409245,0.053941224,0.211564,0.07792303,0.26767623,-0.051124554,-0.01185774,-0.17695354,0.12192007,0.61052245,-0.033287983,-0.27957663,16.772198,18.564417,15.493199,0.0013763105687130686,0.017616758101374363,0.004023654080522248,,,1.004932,0.0,31,3.0712175,1.2789984,13.619,12.997,12.773,0.025,0.028,0.026,18.9193,0.0091,17.6644,0.0043,16.0641,0.004,15.3272,0.0034,14.9504,0.0022,,,,,,,,,,,,,,,,,3292.015,4.877,0.0847,1.1667,0.7235,1.1185,0.6255,0.4929,0.3767,MARCS,0.0
68233531252642432,true,true,true,165.2620847045119,-24.42492047286547,55.112406328123726,0.06328685,24.237139167005697,0.040398557,7.448122361236067,0.06566874,20.505100504678424,0.090103574,-45.806710356269164,0.054836407,-0.12775898,-0.005022494,-0.23244475,-0.27657452,0.0027996907,-0.09121277,-0.05853269,0.15900972,0.29533052,0.034927566,16.483887,18.232893,15.228994,0.0026039239403017568,0.017830469267219935,0.006333371939129845,,,0.97000706,0.0,31,3.0038986,1.2548923,13.441,12.828,12.517,0.028,0.03,0.026,18.6369,0.0241,17.3963,0.0129,15.7409,0.0028,15.037,0.0047,14.688,0.0059,,,,,,,,,,,,,,,,,3283.4956,4.8676,0.0504,0.9372,0.5842,0.9004,0.5035,0.3969,0.3768,MARCS,0.0
68348155340347776,true,true,true,165.00333373870708,-24.169933736182593,55.10089179724542,0.02968331,24.584305576488273,0.02444907,7.297294496883986,0.03370392,20.815545173730907,0.041291665,-44.23701968914629,0.034465026,0.33154222,0.27767467,0.1723977,-0.13453636,0.022192137,-0.18878233,-0.019003376,0.10579999,0.09429624,0.13946298,15.177081,16.503788,14.042981,0.0010415005663846394,0.005724460241920952,0.0022891834269520915,,,1.0474195,0.0,31,2.4608068,1.1341,12.496,11.83,11.607,0.027,0.03,0.019,16.8887,0.007,15.6299,0.0034,14.5119,0.0033,13.9803,0.0037,13.7118,0.0011,,,,,,,,,,,,,,,,,3617.4302,4.7502,0.0278,0.8621,0.5736,0.8282,0.478,0.3502,0.5031,MARCS,0.0
64331123967672448,true,true,true,167.52279696423588,-25.99505727833329,55.63799159070933,0.048713937,21.704494346750018,0.037374888,7.450155858497535,0.053203147,20.53869806925626,0.07031797,-45.722884651284645,0.048475586,-0.10976459,0.059678406,-0.020557098,0.06423829,-0.018993797,-0.18573776,-0.03672333,0.3103729,-0.14536844,-0.032096572,16.246473,17.996973,14.976652,0.001339018766671669,0.021704748369196072,0.0032751313983453894,,,1.0158869,0.0892249,31,3.020321,1.2698212,13.122,12.453,12.189,0.023,0.024,0.025,18.473,0.0067,17.083,0.006,15.5292,0.0042,14.804,0.0038,14.4568,0.0019,,,,,,,,,,,,,,,,,3322.8308,4.4621,-0.5871,1.5074,0.9482,1.4336,0.8148,0.6188,0.4655,MARCS,0.0
61917043110119552,true,true,true,163.67552795126377,-27.144248851420024,52.006616040812,0.07809905,23.078283083304413,0.05801851,7.13170764519702,0.07873291,20.49744413345669,0.1289584,-43.10357181172239,0.08449085,-0.2596649,-0.15038562,0.19713716,0.20610063,-0.07205421,-0.10510174,-0.13098606,0.41193372,-0.046213813,0.15286951,16.565022,18.283491,15.308877,0.0011279189038592844,0.013746572239900596,0.0019209867787832698,,,1.1194807,0.2802231,31,2.9746141,1.2561445,13.525,12.919,12.619,0.025,0.023,0.022,18.6846,0.0097,17.385,0.004,15.8681,0.0026,15.1377,0.003,14.7813,0.0021,,,,,,,,,,,,,,,,,3322.3274,4.874,0.0468,1.0514,0.6591,1.0084,0.5666,0.4418,0.3806,MARCS,0.0
65027905102436608,true,true,true,166.61757323660206,-25.129112443525756,55.60962925402735,0.015590061,22.894458319172863,0.011530163,7.3911225554567395,0.016662074,20.931199055488744,0.022423405,-44.495503230336666,0.015635528,-0.04977719,-0.01363331,-0.0710679,0.033142984,-0.084977,-0.26508194,-0.065442845,0.22267996,-0.08087923,-0.0029145207,13.702901,14.601405,12.7660475,0.0010811883938460771,0.0039683296384066015,0.0031092201911126897,5.4797635,6.5357037,0.98453134,0.0,31,1.8353577,0.9368534,11.55,10.88,10.715,0.02,0.024,0.021,15.0599,0.0061,13.8599,0.0136,13.255,,12.937,,12.7565,0.0132,,,,,,,,,,,,,,,,,4198.762,4.6839,0.0248,0.6034,0.4347,0.583,0.3475,0.2356,0.6097,PHOENIX,0.0
64453887017111808,true,true,true,166.79749514829496,-25.521909681822653,55.45675204081487,0.13190237,22.49340284922183,0.08779643,7.375999275620265,0.1449308,21.207757057570976,0.17512552,-46.047218658806685,0.11092561,-0.0027223062,-0.07486859,0.08309076,-0.29384002,0.17866327,-0.24569814,0.109190635,0.23076043,0.36170402,-0.069076605,17.75966,19.819273,16.439646,0.001469298912484028,0.04925924126378706,0.007618962114717445,,,1.0313549,0.33541948,31,3.3796272,1.320015,14.39,13.772,13.513,0.028,0.031,0.037,20.1345,0.0143,18.8634,0.0086,17.0364,0.0059,16.1949,0.0047,15.781,0.003,,,,,,,,,,,,,,,,,3132.588,4.9682,0.0397,1.215,0.7286,1.1589,0.6416,0.5172,0.286,MARCS,0.0
66823132713476480,true,true,true,166.1264448307581,-22.869016594025847,56.899529478888994,0.081931755,24.873965156738215,0.05500563,7.429236579015259,0.09306064,20.359214900915827,0.10082453,-44.68201751202432,0.06692294,-0.052151237,-0.1475874,0.3469156,-0.14917257,0.08323655,-0.36815503,-0.033093065,0.17956282,0.2840929,-0.01640771,16.87391,18.656853,15.57754,0.0013358673388512426,0.045746593451087,0.00451874090746771,,,1.0942961,0.27702975,31,3.0793123,1.2963705,13.719,13.045,12.802,0.026,0.024,0.03,19.1128,0.0142,17.838,0.0039,16.1734,0.0033,15.3815,0.0027,14.9982,0.0035,,,,,,,,,,,,,,,,,3241.0159,4.8934,0.12,1.0859,0.6666,1.043,0.5791,0.464,0.3602,MARCS,0.0
64964717544035200,true,true,true,167.08517441157917,-24.19039376070356,56.63706230536038,0.019116046,23.305130986179122,0.013689374,7.4331628168469965,0.021423005,20.539250037585216,0.025057968,-45.044832979748406,0.017550686,0.11073836,0.12586029,-0.09876949,-0.20461787,-0.016066235,-0.09659423,-0.043884397,0.15336761,0.27952,0.26921603,14.018696,15.027586,13.016451,0.0021186152104886386,0.009997168559369891,0.006116303793625779,30.061113,7.5547857,1.0649348,0.0,31,2.011135,1.002245,11.662,10.986,10.811,0.02,0.023,0.016,15.3951,0.0059,14.1549,0.0071,13.406,,13.101,0.0251,12.8594,0.0087,,,,,,,,,,,,,,,,,3972.155,4.6678,0.1599,0.6388,0.4489,0.6166,0.3637,0.2529,0.6041,MARCS,0.0
63094894941091328,true,true,true,169.67606699786674,-26.512512396831085,56.77370761394805,0.093981974,20.010169425429392,0.070608005,7.558265227588301,0.10275393,18.949344980183252,0.12662825,-47.06775598455637,0.090159826,0.2488339,0.19646579,0.16995223,-0.19443743,0.029233016,-0.12665753,0.06500279,0.27983338,0.05193651,-0.106081694,17.403084,19.440338,16.089336,0.0013934172865609812,0.040671600219064026,0.0039343196385470715,,,1.0188955,0.39735988,95,3.3510017,1.3137474,14.179,13.524,13.282,0.028,0.033,0.035,19.7495,0.0271,18.4371,0.0056,16.6894,0.0033,15.8655,0.0036,15.4644,0.0029,,,,,,,,,,,,,,,,,,,,,,,,,,,0.0
68142374866825216,true,true,true,165.2799841548319,-25.097940851289266,54.64259896949574,0.078045286,23.71853047856418,0.06445604,7.484155963925398,0.087118775,21.01251130526328,0.110573165,-46.68696199242911,0.087427184,0.35422745,0.3169721,0.062337965,-0.14683616,-0.0024765763,-0.20971464,-0.008351289,0.20046322,0.05286455,0.008837618,17.183352,19.15658,15.890286,0.0011253942078065862,0.05243073592057466,0.005116853933193844,,,0.9777166,0.0,31,3.2662935,1.2930651,14.015,13.422,13.083,0.025,0.027,0.031,19.3709,0.0245,18.1584,0.0049,16.4654,0.0019,15.6791,0.0059,15.3076,0.0059,,,,,,,,,,,,,,,,,3208.342,4.9426,0.0162,1.1351,0.6946,1.084,0.6052,0.4788,0.3147,MARCS,0.0
69904617128601984,true,true,true,165.00432733288758,-23.074681855777897,55.89680277271759,0.03477485,25.408460504484726,0.026519448,7.602327314027255,0.03953252,20.19817904330972,0.0444697,-47.36809058359031,0.033629693,0.07901352,0.026148299,0.19391932,-0.14747368,-0.011414425,-0.3172689,-0.052425195,0.13158832,0.15390392,-0.049724117,15.61384,17.089005,14.424485,0.0011256477170788603,0.006984160645196415,0.002701780866545617,9.496873,9.08073,1.0605189,0.10948806,31,2.6645193,1.1893549,12.786,12.156,11.952,0.025,0.03,0.025,17.4493,0.0061,16.2632,0.0046,14.9134,0.0039,14.317,0.0015,14.0227,0.0017,,,,,,,,,,,,,,,,,3456.5352,4.7878,-0.0159,0.8276,0.5366,0.7956,0.453,0.3427,0.45,MARCS,0.0
64837242912474624,true,true,true,166.9342857681821,-25.086121059805972,55.872124314048335,0.019929726,22.734611125652357,0.015485776,7.532518558405384,0.022165086,20.07361040924858,0.027618198,-45.96376909847048,0.019842343,0.021453096,0.1048812,0.067451335,0.11444678,-0.03468661,-0.23109303,-0.040748026,0.3084556,-0.05617632,-0.058692787,8.88526,9.04409,8.44839,3.30318363769185E-4,0.009654342679726318,0.01654244515279697,,,1.0980439,0.11506988,31,0.59570026,0.43686962,7.685,7.501,7.45,0.019,0.018,0.02,8.708,0.001,,,9.195,0.0,13.2628,0.0535,,,,,,,,,,,,,,,,,,,6502.421,4.0564,-0.7514,0.0105,0.0092,0.0113,0.0063,0.005,1.5336,MARCS,0.0
69420213536768896,true,true,true,163.68872875820762,-23.73361711437796,54.40615017570331,0.10129173,25.697044306526895,0.07717069,6.645173923390634,0.108819984,18.02947534865432,0.13972054,-41.004963604431026,0.09799916,0.09787283,0.20623405,0.07882254,-0.11351703,0.2920044,0.106829494,0.2522308,0.42900896,0.27398875,0.08446919,17.16172,18.9444,15.883916,0.001294439216151914,0.043790846065402136,0.005527639470407583,,,1.1263521,0.38783783,31,3.060485,1.2778044,13.985,13.359,13.094,0.026,0.027,0.028,19.3439,0.0118,18.0283,0.0043,16.4472,0.003,15.6899,0.0024,15.3242,0.0028,,,,,,,,,,,,,,,,,3276.117,4.9093,0.0231,1.1854,0.735,1.1326,0.6359,0.4968,0.349,MARCS,0.0
65161976802151680,true,true,true,166.73195428277327,-24.370392146388085,56.245746416315335,0.016596021,23.38872896889856,0.013391603,7.5470189892983015,0.017958445,19.889033018800962,0.022016658,-46.94423051275082,0.015588151,0.1893636,0.3164412,0.03508966,-0.15331666,0.21034992,0.11658897,0.15456101,0.49639422,0.20456171,0.05153176,13.3745775,14.203643,12.481163,0.0021352101581698178,0.008234405113449311,0.004922474223423431,4.7084985,2.3807561,0.94657576,0.0,31,1.7224798,0.8934145,11.3,10.675,10.486,0.02,0.023,0.02,14.5866,0.0097,13.435,,12.951,,12.642,,12.4699,0.0043,,,,,,,,,,,,,,,,,4164.7676,4.6167,0.0079,0.4549,0.331,0.4412,0.2634,0.1778,0.6466,MARCS,0.0
66745170467302656,true,true,true,166.80108087944816,-23.01482867262022,57.296064164609405,0.040575415,24.347399016105328,0.026934292,7.333918726452952,0.042854734,20.412294770494363,0.05467338,-45.02321719830596,0.035474032,0.04625782,0.117329136,0.04871344,-0.09692513,-0.04437093,-0.088080555,-0.0843327,0.46196145,0.07216935,-0.09686016,16.013287,17.626804,14.782482,0.001064740719614152,0.008881495649954545,0.002964081416357116,,,1.0396141,0.09890549,31,2.8443222,1.2308044,13.058,12.448,12.143,0.022,0.03,0.023,18.051,0.0188,16.7987,0.0047,15.3047,0.0043,14.6461,0.0024,14.3298,0.0027,,,,,,,,,,,,,,,,,3352.492,4.6352,-0.3416,1.0262,0.653,0.9835,0.5569,0.4266,0.4485,MARCS,0.0
64574352259640192,true,true,true,166.1526644100124,-26.309500844359555,54.42237617359707,0.10169383,22.2884749156679,0.079180785,7.417864263812696,0.11629466,20.242806493693568,0.13209137,-44.97565344431043,0.10366074,0.34568018,0.19991477,-0.09782106,-0.32188314,-0.1492026,-0.43596166,-0.13233075,-0.07349224,0.1381983,0.16816337,17.296213,19.331161,15.978157,0.0014267695239566988,0.04379259110256992,0.0052691398638948315,,,0.9769417,0.0,31,3.3530045,1.3180561,13.956,13.363,13.072,0.026,0.026,0.024,19.6921,0.0192,18.3989,0.0068,16.5785,0.0045,15.7271,0.003,15.2941,0.0019,,,,,,,,,,,,,,,,,3168.885,4.9185,0.151,1.2438,0.7485,1.1918,0.6572,0.5346,0.3345,MARCS,0.0
64990349908937984,true,true,true,167.149978079043,-23.942290595047105,56.86723342159842,0.04120766,23.44802253199141,0.0296653,7.190891560508792,0.046991937,20.033422449529546,0.050190408,-44.36039825874826,0.037411034,0.27831218,0.13479292,0.13252175,-0.08642653,0.017285971,-0.2579363,0.065609105,0.3559162,0.049248084,-0.113529615,15.722567,17.261951,14.517586,8.959383379446984E-4,0.005680011605153893,0.001518930619702979,-10.914239,6.115671,1.0598742,0.083123125,31,2.7443657,1.2049809,12.834,12.18,11.922,0.021,0.023,0.018,17.6816,0.0109,16.3904,0.0073,15.0152,0.0067,14.4091,0.002,14.1075,0.0025,,,,,,,,,,,,,,,,,3405.6619,4.4821,-0.5836,1.0839,0.6998,1.0366,0.5925,0.444,0.4964,MARCS,0.0
63661521387693824,true,true,true,169.6873847779052,-24.541367461073488,58.24225480179571,0.047681406,21.424001124250438,0.031947207,7.375073715479337,0.050020155,18.876573294568246,0.05749682,-45.55953104184667,0.042399127,0.32334796,0.19324891,0.2902783,-0.16678281,0.14547646,-0.04812674,0.25494492,0.5812055,-0.011811482,-0.10242321,16.022692,17.730389,14.765992,0.0021349764887459493,0.013211780060477888,0.0062488339210288865,,,1.0631554,0.119059175,31,2.9643965,1.2566996,12.986,12.285,12.067,0.024,0.022,0.021,17.9861,0.0144,16.7849,0.0197,15.3078,0.004,14.6003,0.0095,14.2438,0.0102,,,,,,,,,,,,,,,,,3389.6003,4.7884,0.1194,1.172,0.7379,1.1272,0.6325,0.4947,0.4518,MARCS,0.0
69911867033651200,true,true,true,165.3089178504926,-22.903111561556642,56.25512663573019,0.07865825,25.351427914366585,0.057907626,7.338951516005683,0.0935944,19.72096734544033,0.09867371,-46.16514955455619,0.07821704,0.23932521,0.14016892,0.29291138,-0.14342324,0.0013775936,-0.23934892,0.07518175,0.30050886,0.07423673,-0.24965537,17.140594,18.987534,15.869808,0.001016365717966636,0.022370047445161023,0.003876009374832559,,,1.0328075,0.0,31,3.1177254,1.2707863,13.948,13.383,13.04,0.029,0.036,0.031,19.3401,0.0063,18.0398,0.0051,16.4189,0.0026,15.6768,0.0013,15.3044,0.0026,,,,,,,,,,,,,,,,,3271.6938,4.9432,-0.0992,1.2925,0.8012,1.2305,0.6937,0.5368,0.3149,MARCS,0.0
69904410970171392,true,true,true,165.01054816801513,-23.069216788356773,55.90555622605947,0.028881839,25.40878618559989,0.022485731,7.638439452106811,0.034379467,21.298491141882252,0.03690165,-47.28289469076985,0.026514594,0.13140857,0.08589564,0.1565396,-0.13576101,-0.04835317,-0.38781515,-0.11490414,0.22642696,0.19480865,-0.066013806,15.347046,16.773926,14.175384,0.0011275440118198475,0.00801797028728348,0.0025058353740624205,,,0.9856743,0.0,31,2.5985422,1.1716623,12.559,11.909,11.659,0.023,0.028,0.023,17.1593,0.0087,15.9197,0.0039,14.644,0.0036,14.0764,0.0049,13.7967,0.0029,,,,,,,,,,,,,,,,,3410.8242,4.434,-0.6802,0.798,0.5209,0.7657,0.4382,0.3275,0.5016,MARCS,0.0
64909153549943296,true,true,true,167.55373982419022,-24.027161020242538,57.099724735801715,0.08736189,23.135471631187595,0.058423456,7.440941514656794,0.08653669,18.02642279431928,0.110820934,-46.27659449132801,0.07284799,-0.06593728,-0.08356563,-0.0115252435,-0.24570046,0.038507428,-0.15522358,0.029585086,0.06291716,0.08741851,0.07498234,17.242805,19.077133,15.9666605,0.0013614086780531075,0.03903956836049432,0.00466670220301707,,,0.9964595,0.0,31,3.1104727,1.276145,14.059,13.446,13.212,0.021,0.035,0.033,19.5078,0.034,18.1869,0.0066,16.5384,0.0017,15.7547,0.0018,15.3932,0.0025,,,,,,,,,,,,,,,,,3221.7542,4.9577,-0.0577,1.1272,0.6933,1.0753,0.6025,0.4729,0.3009,MARCS,0.0
71079441007018880,true,true,true,163.74188806097112,-22.205216706766006,55.55263764668938,0.06733202,26.829034565564307,0.05207468,7.086826200784055,0.08505451,19.35806358409925,0.07928431,-43.6276910142518,0.05987492,0.23269778,0.013968443,0.38121688,-0.023222787,0.079100624,-0.41814077,0.03489041,0.32728288,0.20969328,-0.07685195,16.544268,18.441143,15.227144,9.618444144998932E-4,0.018936069590285952,0.003553060717240601,,,1.145876,0.28452402,31,3.2139988,1.3171234,13.283,12.642,12.371,0.026,0.031,0.026,18.8249,0.0124,17.5608,0.0066,15.8388,0.0022,14.9971,0.0018,14.6076,0.0047,,,,,,,,,,,,,,,,,3227.387,4.736,0.143,1.2688,0.7715,1.2197,0.6735,0.5462,0.4458,MARCS,0.0
64843805623922688,true,true,true,166.80233592604006,-24.97730647061436,55.85491728898192,0.066530555,22.895492287024965,0.048327602,7.5264024127197535,0.07351991,20.222442233716116,0.08841846,-46.15960948932732,0.062151253,0.22542231,0.17399383,0.042222623,-0.24677356,0.025582539,-0.24327612,0.052403808,0.31053454,0.009522862,-0.19295923,16.934334,18.76188,15.6569395,0.0013407035041955743,0.021401063430049827,0.003269573584362005,,,0.97739536,0.0,31,3.1049414,1.2773943,13.805,13.188,12.914,0.022,0.026,0.026,19.1039,0.0122,17.8403,0.0044,16.2142,0.0044,15.4588,0.0025,15.0866,0.0038,,,,,,,,,,,,,,,,,3264.6519,4.9186,0.0152,1.2017,0.7434,1.1473,0.644,0.5033,0.3411,MARCS,0.0
65101606741121792,true,true,true,166.15862011480837,-25.01023921877535,55.358274790613365,0.058496136,23.25980604541485,0.045679294,7.353979850941794,0.06497678,21.430531919380343,0.07575682,-45.768936753226264,0.057454545,0.24519171,0.16607125,0.15374671,-0.11627755,0.048587117,-0.18945856,0.0931915,0.31307805,-0.024346698,-0.13689288,16.835623,18.681997,15.543577,0.0013855650507177983,0.021400560105702005,0.002951341079211723,,,0.97007865,0.0,31,3.13842,1.2920456,13.646,13.082,12.822,0.025,0.03,0.024,19.0336,0.0088,17.8055,0.0076,16.1255,4.0E-4,15.3378,0.002,14.9549,0.004,,,,,,,,,,,,,,,,,3224.5464,4.8971,0.1256,0.9829,0.6025,0.9456,0.5237,0.4219,0.3554,MARCS,0.0
64999558318784768,true,true,true,167.15337879618374,-23.688097639044667,57.057450573687056,0.047737222,23.632990088333862,0.037010483,7.437404133116667,0.05842575,20.121801104173304,0.06002424,-45.97765650888577,0.048582457,0.19911511,0.14743164,0.31692415,-0.016579084,0.10845199,-0.29596406,0.088429,0.32483914,0.2003563,-0.1669272,15.923727,17.508135,14.711693,0.0010418782353084407,0.008984962625254668,0.001661770890475868,,,1.0796728,0.121366054,31,2.796442,1.2120342,12.997,12.398,12.12,0.02,0.026,0.02,17.8723,0.0174,16.6647,0.0071,15.2387,0.0015,14.5835,0.003,14.2759,0.0052,,,,,,,,,,,,,,,,,3409.7832,4.8172,0.0191,0.9439,0.604,0.9064,0.5135,0.393,0.429,MARCS,0.0
65349684053273600,true,true,true,169.74779088499787,-22.74337263907435,59.642486607819095,0.105141394,22.669617630478907,0.056705896,7.386335129308047,0.10598538,19.167195056497466,0.13885477,-45.36313189897573,0.07290653,0.028163133,0.08716925,-0.12245658,-0.39827985,0.12436499,-0.010552718,0.08400468,0.5148601,0.16227145,-0.19789039,17.253536,19.246073,15.942219,0.0013419967706420953,0.034584614721848726,0.004265047284928188,,,1.076588,0.2432455,31,3.303854,1.3113174,14.009,13.381,13.004,0.026,0.03,0.028,19.6195,0.0324,18.202,0.0099,16.5207,0.0023,15.7252,0.0051,15.3476,0.0036,,,,,,,,,,,,,,,,,3258.7715,4.915,0.0322,1.6015,0.9801,1.5216,0.8545,0.667,0.3436,MARCS,0.0
68141408498321280,true,true,true,165.31403409996292,-25.131849853684606,54.64378947102655,0.0784724,23.67271376809515,0.06287811,7.228431844899335,0.08716904,20.455009282168664,0.10464465,-45.04122743597192,0.082589366,0.36845756,0.27101076,-0.01724708,-0.11306471,-0.045599576,-0.19431664,-0.0121306805,0.24441525,0.027072066,0.035280943,17.13838,18.925375,15.847212,0.0012648214822411734,0.022980582704851985,0.003576403735643407,,,1.032703,0.0,31,3.0781631,1.2911682,14.015,13.427,13.097,0.025,0.026,0.031,19.3672,0.0184,18.0807,0.0046,16.4181,0.0033,15.6427,0.0031,15.2763,0.0038,,,,,,,,,,,,,,,,,3226.8962,4.925,0.0465,1.0885,0.6687,1.0418,0.5811,0.4608,0.3326,MARCS,0.0
69906472554465792,true,true,true,165.0139456457044,-22.978439489441378,55.97455348593456,0.027781896,25.47487895307199,0.019673847,7.26266420477807,0.032461815,19.00230019109934,0.03491542,-45.790530423392774,0.023943262,0.08450351,-0.05862335,0.27973148,-0.086183704,-0.02848563,-0.3571236,-0.083036974,0.23010962,0.2684776,-0.070181996,15.019618,16.341759,13.884453,9.095579850512685E-4,0.0049923032371982975,0.002094576455680145,34.117672,10.512688,1.1150742,0.09417165,31,2.457306,1.1351652,12.346,11.718,11.467,0.021,0.031,0.024,16.7543,0.0067,15.4954,0.0032,14.3629,0.0022,13.8326,0.0037,13.5623,0.0015,,,,,,,,,,,,,,,,,3516.1719,4.4174,-0.726,0.8395,0.5585,0.8041,0.4656,0.3385,0.5645,MARCS,0.0
66657415696297344,true,true,true,167.0863161847496,-22.538405718733454,57.86348961016656,0.025226098,24.518448754707425,0.014669184,7.251437641917489,0.027222686,19.74663141605784,0.032505643,-45.451294562195194,0.020635752,0.16924132,0.024501655,0.28478524,-0.2137867,-0.13869913,-0.07999664,0.008959753,0.61853707,-0.19421643,-0.31542334,8.769578,8.962629,8.428415,2.7544560148303447E-4,3.3231640900471723E-4,2.8873474100202614E-4,5.6288543,0.8055614,0.93897635,0.17299947,95,0.534214,0.34116268,8.059,7.93,7.877,0.023,0.017,0.019,9.5316,0.001,8.564,0.095,13.5667,0.001,12.9437,0.0915,10.6005,,,,,,,,,,,,,,,,,,6708.834,4.1336,-0.4459,0.0359,0.0316,0.0388,0.0217,0.0171,1.5391,A,0.0
64215125490886656,true,true,true,167.55691006178753,-26.62765843414854,55.2058631607871,0.0530438,21.21523008243146,0.038600855,7.335249178807896,0.060269754,20.562833137566372,0.06855867,-43.76859549291748,0.048165593,0.16747728,0.10871833,0.22794922,-0.13183938,0.10474815,-0.15402038,0.06398879,0.29337704,0.27864084,0.02093985,16.56197,18.347271,15.282515,0.0012399886585833068,0.016659176182114946,0.0028248958151274035,,,0.99651676,0.07765804,31,3.0647564,1.2794552,13.45,12.791,12.487,0.024,0.024,0.026,18.798,0.0099,17.4381,0.0054,15.8273,0.0041,15.092,0.003,14.7228,0.003,,,,,,,,,,,,,,,,,3331.225,4.8502,0.0832,1.3349,0.8309,1.2774,0.7172,0.5602,0.3977,MARCS,0.0
70934649068656896,true,true,true,163.8280964294333,-23.075046548083122,54.98818361370311,0.13868903,26.11654322312822,0.0839288,7.5078418321564575,0.165192,21.158424159514517,0.1557759,-48.50582801179769,0.10465832,0.035010953,0.061015546,0.5021094,-0.063771024,0.099601716,-0.04081468,0.07044443,0.21931793,0.33963877,-0.0048344894,17.638304,19.71205,16.286818,0.0024266004514318425,0.09959621622507199,0.007710956776919684,,,1.0572698,0.34108415,31,3.425232,1.3514862,14.236,13.642,13.358,0.035,0.051,0.033,20.1173,0.0172,18.773,0.014,16.9533,0.0034,16.0368,0.005,15.615,0.0042,,,,,,,,,,,,,,,,,3124.627,4.9328,0.1704,1.2655,0.7533,1.212,0.6655,0.5471,0.3177,MARCS,0.0
66897933865345920,true,true,true,166.75954094435096,-21.780078771084057,58.18906123797251,0.014950788,25.279659903374622,0.010240634,7.224048040147685,0.017462691,19.494968153501564,0.01934242,-45.0654688095901,0.014464087,0.33399078,0.0192816,0.3011336,-0.13169321,-0.014268039,-0.3553327,0.2786689,0.7171145,-0.13654397,-0.41794777,13.247913,14.024435,12.384273,0.0011552727371505233,0.004384374580877122,0.0030006629462528416,4.514552,2.0410042,0.99487203,0.0,31,1.6401625,0.8636408,11.252,10.589,10.521,0.022,0.031,0.021,14.2896,0.0157,13.015,,12.67,,12.482,,12.3827,0.0047,,,,,,,,,,,,,,,,,4280.9795,4.6226,0.0997,0.444,0.3271,0.4323,0.2584,0.174,0.6575,MARCS,0.0
64453685154291968,true,true,true,166.8025761890152,-25.553192332923043,55.43784879484009,0.12510486,22.46704884658764,0.08065686,7.48747040106267,0.13660239,20.484618144590446,0.1621131,-45.33844201798303,0.10141765,0.009683364,-0.08150312,0.058745716,-0.32826844,0.18397085,-0.23361017,0.11959031,0.20836107,0.3794392,-0.06263698,17.73309,19.73681,16.390238,0.0018026080371804445,0.05540802179207678,0.007691354010428083,,,0.9308283,0.0,31,3.3465729,1.3428516,14.346,13.729,13.47,0.028,0.031,0.037,20.1756,0.0227,18.8325,0.0046,17.0071,0.0039,16.1469,0.0018,15.7188,0.0024,,,,,,,,,,,,,,,,,3129.4905,4.9656,0.0519,1.2852,0.7688,1.2252,0.6779,0.5474,0.2882,MARCS,0.0
66926211929978880,true,true,true,166.16388261998696,-22.524085126072414,57.18360002514792,0.06325225,25.10607888928261,0.0389648,7.336499163047003,0.06379947,18.277633549560008,0.10510221,-45.99954302701701,0.05555033,-0.13862829,-0.012734726,-0.11405059,-0.21797542,-0.056242954,-0.1527198,-0.15673678,0.45086142,0.12661768,-0.16211656,16.598265,18.312096,15.348464,0.0011622425928255228,0.016871796788563504,0.003693406039924237,,,1.004534,0.022616498,31,2.9636316,1.2498007,13.489,12.894,12.622,0.023,0.027,0.025,18.6991,0.0084,17.3984,0.0036,15.8781,0.002,15.1903,0.0051,14.8463,0.0039,,,,,,,,,,,,,,,,,3329.3237,4.8882,-0.0227,1.1295,0.7099,1.0795,0.6098,0.4697,0.3658,MARCS,0.0
67069835634816896,true,true,true,167.18006304617325,-21.46607066437205,58.74187604266361,0.03951449,25.24127596267843,0.025152834,7.530544181332642,0.04237989,19.534612737435197,0.054554682,-47.54001042641008,0.033273906,0.09396396,0.12582919,0.11366713,-0.15368365,0.072165586,-0.15434879,0.063872345,0.5995646,0.036800347,-0.2054405,15.76675,17.291077,14.562909,8.576722632671624E-4,0.011388819314642213,0.0020753393371355277,,,1.0616418,0.08519537,31,2.7281675,1.2038412,12.907,12.24,11.982,0.023,0.022,0.022,17.6827,0.0049,16.4063,0.0034,15.0589,0.0031,14.44,0.0022,14.1345,0.003,,,,,,,,,,,,,,,,,3403.6228,4.5702,-0.514,1.0329,0.6662,0.9887,0.5644,0.4241,0.4629,MARCS,0.0
66009047433698048,true,true,true,169.78663240998895,-20.619775817510238,61.30732469239629,0.10105886,24.14506149325301,0.04449653,7.614693926012522,0.10529369,18.090775619103006,0.1181767,-46.7973863937149,0.054091822,-0.08357318,-0.055799183,0.15769891,-0.42010775,0.10245038,-0.030332344,0.18847871,0.5999844,0.32420766,-0.29663453,17.171795,19.142275,15.865156,9.076722805885785E-4,0.03776244811436167,0.002653094668964797,,,1.0054914,0.034577567,31,3.2771187,1.3066387,13.963,13.341,12.978,0.029,0.04,0.036,19.5358,0.0083,18.1798,0.0067,16.4466,0.0034,15.6466,0.003,15.2562,0.0031,,,,,,,,,,,,,,,,,3259.8809,4.8991,0.0784,1.5683,0.9583,1.4934,0.8359,0.6576,0.3569,MARCS,0.0
69912309413652864,true,true,true,165.31602023952746,-22.866072273969774,56.28775495284984,0.1106091,25.37478296656745,0.08155978,7.41271227501754,0.13048989,20.697814867377172,0.13493805,-47.17136322751894,0.10360407,0.21578157,0.054384705,0.31697538,-0.16675237,0.031905726,-0.32053712,0.058381107,0.2364432,0.10663455,-0.12816067,17.451437,19.800999,16.06755,0.00162375806482019,0.06242856377252629,0.0053363538151117605,,,1.0181135,0.3474166,31,3.733448,1.3838863,13.87,13.26,12.959,0.029,0.032,0.027,20.1405,0.0148,18.7909,0.0078,16.7595,0.0042,15.8042,0.002,15.298,0.0032,,,,,,,,,,,,,,,,,3201.317,4.8266,0.461,1.96,1.1553,1.8796,1.0239,0.8557,0.4144,MARCS,0.0
70044628765739776,true,true,true,165.04937334157867,-22.190959732810455,56.581037881379835,0.02010701,26.043073251837463,0.013602867,7.478152057866121,0.021972712,20.32368054054732,0.02301888,-45.981859892008316,0.017742243,0.2159491,-0.10874745,0.285326,-0.24033958,0.07448457,-0.34187078,0.124756634,0.14776956,0.07857452,-0.037076045,14.088978,15.089968,13.097936,0.0010529753448602819,0.0047989249105361235,0.0024575952312696652,4.024877,4.298527,1.0073797,0.0,31,1.992032,0.99104214,11.811,11.146,10.968,0.02,0.019,0.017,15.568,0.0047,14.3031,0.0058,13.5477,0.0104,13.1668,0.0035,12.9815,0.0035,,,,,,,,,,,,,,,,,3940.2937,4.6809,-0.0077,0.6157,0.4337,0.5926,0.3513,0.2413,0.5864,MARCS,0.0
64943758103791104,true,true,true,167.55906809816372,-23.64625566069832,57.38580185574098,0.056638192,23.41124239957272,0.038328193,7.488137995795465,0.06682858,20.361216760707396,0.07653795,-45.12416162836422,0.052803833,0.10279732,0.10431233,0.18126771,-0.06519094,-0.01885321,-0.2950289,-0.0018007365,0.62292075,0.20057276,-0.34775993,16.382866,18.20926,15.095169,7.14213153853282E-4,0.01834875543660703,0.002191051347685879,,,1.1180046,0.23255078,31,3.1140919,1.2876968,13.22,12.63,12.316,0.021,0.024,0.026,18.6125,0.0106,17.3192,0.0043,15.6782,0.0023,14.9067,0.0019,14.524,0.0018,,,,,,,,,,,,,,,,,3288.2866,4.7952,0.1255,1.1661,0.7203,1.1213,0.6237,0.4976,0.4221,MARCS,0.0
71108440625265280,true,true,true,163.87133840321152,-21.853587829609722,55.912152687390275,0.13200636,27.01689344109369,0.08912362,7.469524192307425,0.13896443,20.951342267326574,0.18907116,-45.77451941328795,0.12771666,0.035442404,0.028277745,0.005261754,-0.33967206,0.11778314,-0.1466119,0.09618947,0.12599918,0.2250437,-0.096444316,17.805464,19.914368,16.463943,0.0016703679573903932,0.05052309370573022,0.006652397967663478,,,1.0361651,0.48924315,95,3.4504242,1.3415203,14.426,13.806,13.553,0.036,0.036,0.035,20.1918,0.028,18.9147,0.0119,17.0742,0.0034,16.2297,0.0037,15.7874,0.0049,,,,,,,,,,,,,,,,,3128.6143,4.9676,0.0466,1.3207,0.7893,1.258,0.6964,0.5618,0.2859,MARCS,0.0
66745754582838272,true,true,true,166.80990523593044,-22.930921524411893,57.36500889975356,0.060500525,24.403636922425783,0.036425672,7.403613021258438,0.06536394,19.23342251807069,0.06940505,-44.35961797471904,0.046497032,0.16244264,0.11437944,0.30302274,-0.11620419,0.050201565,-0.123724535,0.0720894,0.56127036,0.18593048,-0.09399117,16.6729,18.446114,15.39664,8.745566920232526E-4,0.018108713616945972,0.002757237733613879,,,1.0273799,0.079069525,31,3.0494738,1.2762594,13.618,12.96,12.656,0.026,0.032,0.025,18.7802,0.0146,17.5612,0.0064,15.9478,0.0037,15.2119,0.0024,14.8623,0.0031,,,,,,,,,,,,,,,,,3278.1284,4.8812,0.0833,1.0678,0.6618,1.025,0.5722,0.4528,0.3699,MARCS,0.0
65136791113382912,true,true,true,166.18531979830965,-24.560244303698767,55.70385233585675,0.08180371,23.580003136612984,0.054453865,7.410691983881695,0.09458024,21.679338642754335,0.102118306,-46.49129154083005,0.070989124,0.25395337,0.18863803,0.28888717,-0.22713509,0.03462591,-0.09406092,0.1344394,0.43764892,0.13971859,-0.21667263,16.743004,18.552668,15.475222,0.001501533098683911,0.014960325336376283,0.0052659639980312005,,,1.0497593,0.20891458,31,3.077446,1.2677822,13.638,13.037,12.757,0.022,0.024,0.022,18.9458,0.0155,17.6506,0.0033,16.0359,0.0034,15.273,0.003,14.9173,0.003,,,,,,,,,,,,,,,,,3256.7737,4.9012,0.0704,0.9733,0.6024,0.9346,0.5212,0.4134,0.3541,MARCS,0.0
64998905483757568,true,true,true,167.19404991937583,-23.69436980547767,57.082701624279416,0.02986952,23.603137970026417,0.023698725,7.327464562394925,0.037981857,20.807873955640147,0.036718085,-44.44900236993458,0.027520703,0.24073638,0.2022614,0.28501165,0.0011679685,0.07763573,-0.3675581,0.01713563,0.45501864,0.2250249,-0.17953701,15.042486,16.345612,13.913245,0.001172704067999675,0.0070451143436361194,0.002997951578017037,,,0.97364295,0.0,31,2.4323664,1.129241,12.344,11.717,11.508,0.02,0.022,0.018,16.7323,0.0043,15.4924,0.0036,14.3856,0.0021,13.8488,0.0015,13.5956,0.0023,,,,,,,,,,,,,,,,,3494.7837,4.4091,-0.7571,0.733,0.4876,0.7031,0.4063,0.2967,0.5468,MARCS,0.0
65304604076598784,true,true,true,169.8083962271006,-23.423708265844876,59.16859512505392,0.10122424,22.146141741954974,0.06649474,7.321304362716817,0.111871354,19.01763190898732,0.12755533,-46.00891040923719,0.08752876,0.20660278,0.10492049,0.34336552,-0.06281347,0.005809163,-0.13169913,0.11778411,0.59413445,0.045517944,-0.21162486,17.650377,19.738798,16.307512,0.0013478463184098564,0.08578577954886889,0.0041178435873925135,,,1.0128171,0.22988111,31,3.4312859,1.342865,14.288,13.673,13.365,0.027,0.033,0.031,20.0478,0.0308,18.7685,0.0071,16.925,0.0061,16.0626,0.002,15.6439,0.004,,,,,,,,,,,,,,,,,3132.3145,4.9455,0.1174,1.2741,0.7611,1.2181,0.6711,0.5469,0.3072,MARCS,0.0
68283421593270400,true,true,true,165.32032723903012,-24.165498861442178,55.3435988820874,0.11258199,24.397548525073397,0.08907048,7.416619725713781,0.12550455,20.12459547363482,0.15623295,-45.74648397558014,0.11983232,0.097192876,0.08436158,-0.0493528,-0.053248934,-0.14025,-0.2895501,-0.119110696,0.08719397,0.04036756,0.20201257,17.57024,19.660284,16.245514,0.0017355343939698966,0.057545000612514254,0.006935113976146484,,,0.92650163,0.53123367,95,3.4147701,1.3247261,14.28,13.57,13.347,0.031,0.032,0.029,19.9672,0.0163,18.6532,0.0056,16.8434,0.0043,16.0,0.0023,15.594,0.004,,,,,,,,,,,,,,,,,3164.6672,4.9493,0.0641,1.3356,0.8044,1.2737,0.7066,0.5668,0.3063,MARCS,0.0
70037795475083008,true,true,true,165.0589804369371,-22.352358681296092,56.46921136036221,0.051238254,25.91649075166607,0.035160176,7.026509807199092,0.0538138,19.50747216059418,0.068441264,-44.04160172413718,0.04709239,0.07818358,0.031154554,-0.061159447,-0.16876927,0.027593806,-0.17167357,0.041312538,0.26807722,0.015337251,-0.114497446,15.976979,17.80753,14.691559,0.0013303866097541723,0.018845788474415683,0.0033459731961591587,,,1.2229246,0.2432548,31,3.1159706,1.2854204,12.83,12.181,11.904,0.026,0.031,0.021,18.1906,0.0092,16.9088,0.0054,15.2686,0.0028,14.4923,0.0027,14.1315,0.0022,,,,,,,,,,,,,,,,,3272.7195,4.4922,-0.147,1.3046,0.8072,1.2507,0.6988,0.5518,0.5653,MARCS,0.0
64960628735279232,true,true,true,167.1887961290416,-24.19349046012079,56.71065598955907,0.015431526,23.238999951961915,0.011239253,6.566669588716607,0.016544817,18.082484632564615,0.020181732,-40.430133671670696,0.013743863,0.267752,0.27413732,-0.1688987,-0.2545024,-0.13896957,-0.2830348,-0.14588529,0.10890218,0.039448354,-0.03480849,9.784797,10.069503,9.329901,2.2684045306407122E-4,4.7653439470381285E-4,4.007482859657245E-4,6.198807,0.27707303,0.81172436,0.053981043,31,0.7396021,0.45489597,8.868,8.593,8.546,0.032,0.021,0.02,10.185,,9.869,,9.762,,9.734,,9.732,,,,,,,,,,,,,,,,,,6429.539,4.2606,-0.279,0.3125,0.2693,0.334,0.1884,0.1456,1.3127,MARCS,0.0
65283094877491200,true,true,true,166.19198197475066,-23.495640282737856,56.48651262988783,0.1363284,24.368679378469434,0.09254529,7.309588337637114,0.14476661,20.47253405385219,0.20200992,-44.49840350420613,0.12024269,-0.01160335,0.06306923,0.028877787,-0.20721409,0.024658075,-0.1641154,-0.021962017,0.34630212,0.025994763,-0.15555994,17.706953,19.039753,16.373842,0.0024257690007837137,0.1302338121631567,0.010656191726545241,,,0.9898644,0.5695105,95,2.6659107,1.3331108,,,,,,,18.6306,0.1352,18.5838,0.0454,16.942,0.0059,16.1547,0.0043,15.744,0.0036,,,,,,,,,,,,,,,,,3026.923,4.6028,-0.5072,1.0579,0.6404,0.9907,0.5596,0.4313,0.2971,PHOENIX,0.0
66483795939004416,true,true,true,167.58455946612787,-22.856885441956226,57.9931707213807,0.06571084,23.97188582540666,0.038254056,7.323122391078233,0.07445583,17.542877824267492,0.072093345,-45.79189088058622,0.05193153,0.19636378,0.024025522,0.4481294,-0.08016983,-0.06359549,-0.1830872,0.1570656,0.62275255,0.052998442,-0.33011904,16.654318,18.378128,15.400385,8.400893224544149E-4,0.02036155077236618,0.0026160437454654435,,,1.00307,0.082018666,31,2.9777431,1.253933,13.626,13.004,12.754,0.026,0.025,0.033,18.7089,0.0056,17.4479,0.005,15.92,0.0037,15.2211,0.0028,14.8943,0.0037,,,,,,,,,,,,,,,,,3314.2083,4.8859,-0.0649,1.1341,0.7111,1.0835,0.6117,0.4719,0.3594,MARCS,0.0
70189837317110016,true,true,true,163.87447137108407,-23.045638081369745,55.04559055682499,0.06756258,26.11121030197882,0.05151424,7.124132246599021,0.07682649,20.132120655612773,0.08588973,-43.72299645323373,0.06576003,0.062127322,-0.043988056,0.22849715,-0.051274646,0.016387124,-0.31517354,-0.003148261,0.28905943,0.13472563,-0.04916809,16.743217,18.519104,15.480249,0.0011194639458546036,0.02075470925258369,0.003509604471901579,,,1.0204114,0.16807526,31,3.0388546,1.2629681,13.629,13.016,12.749,0.026,0.035,0.024,18.8834,0.0109,17.6114,0.0061,16.025,0.002,15.2926,0.0025,14.9463,0.0025,,,,,,,,,,,,,,,,,3283.6362,4.8895,0.0653,1.0463,0.6503,1.0038,0.5615,0.4423,0.3656,MARCS,0.0
64276315888567424,true,true,true,166.84443537962974,-26.728474196222514,54.62432671280883,0.014372926,21.56488406650005,0.00993632,7.363461148744048,0.015609099,19.52966342242958,0.01801136,-45.21088722635951,0.013119669,0.06842363,0.024418939,0.22676858,-0.32643786,0.057852153,-0.19107665,0.06282416,0.0469235,0.17152712,-0.14776795,12.370164,12.980099,11.628508,0.0013537892165659275,0.005371054731337385,0.0035117659930662634,6.2814026,3.1879718,1.1444457,0.068823084,31,1.3515911,0.7416563,10.637,10.086,9.951,0.021,0.023,0.02,13.262,,12.437,,12.071,,11.857,,11.741,,,,,,,,,,,,,,,,,,4654.5703,4.5376,-0.4382,0.3424,0.2645,0.3423,0.2019,0.1405,0.7381,PHOENIX,0.0
64984951133439232,true,true,true,166.81447454423173,-24.034261418367812,56.552852464053856,0.079826795,23.587012648241203,0.058204286,7.280859159894756,0.09170236,20.858783200882606,0.09618676,-44.736201780282386,0.06820962,0.19226933,0.14662866,0.18886504,-0.13014844,-0.048169613,-0.27896094,-0.088616416,0.20487982,0.1437654,-0.016539061,17.09217,19.02397,15.796086,0.001216184737737101,0.040109718471646696,0.00470472727410958,,,1.0779377,0.23823424,31,3.2278833,1.2960844,13.865,13.225,13.008,0.025,0.029,0.03,19.3359,0.0115,18.0609,0.0164,16.3763,0.0036,15.5888,0.0035,15.2092,0.0026,,,,,,,,,,,,,,,,,3238.2556,4.9221,0.043,1.2056,0.7406,1.1519,0.6438,0.508,0.3363,MARCS,0.0
65267388182879104,true,true,true,166.25197238183898,-23.917557103629935,56.221816244942886,0.08643523,24.018344601810703,0.070114836,7.574034930346783,0.10042205,20.616762386374205,0.110973984,-44.13114421068058,0.09759641,0.514621,0.18667355,0.3754785,-0.039936632,0.21703312,-0.2780403,0.3797023,0.5104752,-0.015941571,-0.13431935,17.134035,18.838417,15.860837,0.001237453322725782,0.06963268305347325,0.005121549973957625,,,0.9704903,0.0,31,2.97758,1.2731981,,,,,,,19.2777,0.0203,18.0137,0.0046,16.4041,0.0028,15.6746,0.0043,15.3161,0.0027,,,,,,,,,,,,,,,,,3260.5913,4.9566,-0.1126,1.1497,0.7135,1.0963,0.6172,0.479,0.3038,MARCS,0.0
65244435877629824,true,true,true,166.1871151853791,-23.995727463423204,56.11636811943141,0.11816716,23.999769098826523,0.09266438,7.233113577210932,0.13837585,19.08858362212825,0.14387506,-45.099395076699054,0.113236986,0.3719949,0.24946445,0.26193973,-0.12601222,0.09786443,-0.24591847,0.1396657,0.38305226,0.103610925,-0.13665546,17.847445,19.796124,16.505604,0.0017636314149678724,0.06841326709246666,0.007578363007818235,,,0.989104,0.0,31,3.2905197,1.3418407,14.471,13.822,13.493,0.035,0.044,0.043,20.3817,0.0227,18.9922,0.0079,17.141,0.0028,16.2652,0.0022,15.8391,0.0033,,,,,,,,,,,,,,,,,3128.0786,4.9634,0.0661,1.2449,0.7447,1.1879,0.6564,0.5315,0.2908,MARCS,0.0
64960663095015680,true,true,true,167.20058083568628,-24.168060357325782,56.73798824228322,0.024974603,23.25047049143303,0.019083444,7.384762820159983,0.027009666,20.41595636540456,0.030640602,-46.05522995907874,0.021909427,0.2997521,0.3579623,-0.12141731,-0.22465803,0.08957739,-0.25033695,0.044404726,0.32636788,0.05036585,-0.14864154,14.486368,15.633691,13.421676,0.0010374087759192395,0.004035635583068197,0.002845267187844575,,,1.0136526,0.0,31,2.2120152,1.0646925,12.009,11.341,11.136,0.021,0.024,0.018,16.0709,0.0036,14.8125,0.0024,13.8787,0.0074,13.4428,0.0078,13.2047,0.0052,,,,,,,,,,,,,,,,,3701.7498,4.5947,-0.4397,0.673,0.461,0.6465,0.3786,0.2679,0.5906,MARCS,0.0
51781706269632256,true,true,true,169.86208517005807,-23.887540972843397,58.85596789522074,0.16135027,21.78077087877087,0.07922172,6.348432496229251,0.15086259,16.68247157492425,0.20868552,-39.23192135571094,0.1023944,-0.06399407,-0.089471385,0.106346436,-0.43765244,0.010786357,-0.026687043,0.06977169,0.4178903,0.13632198,-0.2188828,17.914946,19.79853,16.603315,0.0013743460075731464,0.0476010764537635,0.007270654375502243,,,1.0447263,0.38285545,31,3.1952152,1.3116302,14.764,14.123,13.881,0.04,0.044,0.048,20.251,0.0159,18.894,0.0076,17.1703,0.0035,16.3964,0.0031,16.0169,0.0058,,,,,,,,,,,,,,,,,3185.2974,4.9895,-0.1067,1.143,0.6975,1.0891,0.6088,0.4804,0.2693,MARCS,0.0
67724697887107200,true,true,true,165.32380047731516,-25.82100997942079,54.16008003272868,0.096526496,23.14547753490501,0.07509639,7.492629956560324,0.12504229,20.142887156953577,0.12840025,-44.89040243405877,0.08977986,0.13771816,0.13307784,0.11006664,-0.17769295,0.006533787,-0.41568443,-0.08240927,0.33655757,0.3034783,-0.24631797,17.51643,19.50931,16.198092,0.002362738006005704,0.06210445708575649,0.004784981561769226,,,1.0043994,0.0,31,3.3112183,1.3183384,14.223,13.642,13.273,0.026,0.028,0.03,19.8545,0.0161,18.5667,0.0169,16.8075,0.0024,15.9682,0.0013,15.5504,0.0042,,,,,,,,,,,,,,,,,3128.1643,4.962,0.0711,1.0154,0.61,0.9725,0.5362,0.4363,0.2921,MARCS,0.0
68378563708730624,true,true,true,165.08044252493838,-23.534712952958277,55.61946862852414,0.039951116,25.016595598106125,0.026468685,7.45337654581492,0.047156304,20.52420211977235,0.06733053,-46.80795882578826,0.033280198,0.0670624,0.13483815,-0.23540725,-0.26724964,-0.27135947,-0.41784975,-0.43311366,0.09266253,0.49285915,0.2302988,15.265487,16.642916,14.11296,5.52870197639765E-4,0.003833662503967308,0.0014661740874741752,,,1.1158209,0.07407657,31,2.5299559,1.1525269,12.573,11.934,11.672,0.022,0.03,0.023,17.0314,0.0197,15.8282,0.0089,14.5837,0.002,14.0418,0.0041,13.7564,0.0023,,,,,,,,,,,,,,,,,3466.7002,4.5378,-0.5468,0.7685,0.5056,0.738,0.4235,0.3144,0.5105,MARCS,0.0
64884899871954176,true,true,true,167.6065844469808,-24.397047189053104,56.865181439470696,0.048452158,22.83130837805527,0.034385227,6.401527889758189,0.05443881,17.084236998948516,0.06569406,-39.394881879189725,0.042941738,0.051345035,0.04476373,0.14840701,-0.13335869,0.027705535,-0.19333039,-0.048076063,0.29984206,0.31193507,0.015978035,16.08691,17.626284,14.880455,0.0015548434104189727,0.013453367384735026,0.004169123623103087,,,1.113596,0.19059882,31,2.7458286,1.2064552,13.157,12.563,12.287,0.023,0.022,0.023,17.9785,0.0077,16.7161,0.006,15.3476,0.0028,14.7521,0.004,14.4458,0.0034,,,,,,,,,,,,,,,,,3361.4854,4.4514,-0.6447,0.9821,0.6313,0.9402,0.5357,0.4045,0.476,MARCS,0.0
68632310376680064,true,true,true,163.88923588805525,-24.107898279187268,54.29385778927851,0.09417662,25.292808897957404,0.06200564,6.713575775762137,0.11466265,18.98211729325633,0.097282596,-41.5655538903753,0.0817975,0.332955,0.0013796735,0.5900242,-0.04467667,0.16262978,-0.29278404,0.20200503,0.30671638,0.13385352,-0.022461282,17.088264,18.9768,15.80586,0.0013351510775467118,0.03286013730028248,0.0037583861354243144,,,0.9747793,0.0,31,3.1709414,1.2824049,13.875,13.283,13.022,0.024,0.027,0.03,19.2923,0.0089,18.0236,0.0045,16.3817,0.0013,15.5968,0.0017,15.2328,0.003,,,,,,,,,,,,,,,,,3248.0515,4.9008,0.0817,1.1299,0.6953,1.0827,0.6036,0.4792,0.3538,MARCS,0.0
66754241438299520,true,true,true,166.8505216967634,-22.720777903323018,57.551775384114954,0.015359816,24.532726387836213,0.009363088,7.223150189887358,0.016751178,19.107476326659604,0.01892343,-45.534887888264535,0.013003883,0.16858204,0.12764665,0.25528714,-0.18429531,0.015887477,-0.17785196,0.099004716,0.6541024,0.021326486,-0.3095439,12.7328415,13.386664,11.953037,0.0016745045704080843,0.005849038726989419,0.0041208036789052655,6.1249285,1.2158641,1.031239,0.06429585,31,1.4336271,0.7798042,10.983,10.433,10.271,0.018,0.016,0.018,13.5962,0.001,12.904,,12.489,,12.232,,12.0578,0.002,,,,,,,,,,,,,,,,,4566.784,4.6118,-0.0575,0.3161,0.2394,0.3118,0.1856,0.1262,0.6784,PHOENIX,0.0
66886011036187392,true,true,true,166.81671723915161,-22.079097277234563,58.00692191346169,0.06913647,25.024623815074253,0.047971934,7.57156755425043,0.07357302,18.579319697998052,0.09400867,-46.9529738677311,0.06575896,0.36951518,0.2657831,0.0069188853,-0.031736534,0.2582091,-0.14449029,0.34790355,0.74068105,-0.10456472,-0.28397837,16.50337,18.203884,15.257768,9.47370176096899E-4,0.01344082440964351,0.0026571906839652566,,,1.1009638,0.2130054,31,2.9461164,1.2456026,13.46,12.855,12.647,0.027,0.017,0.031,18.5453,0.0092,17.2921,0.0037,15.7842,0.0021,15.0727,0.0029,14.7541,0.0028,,,,,,,,,,,,,,,,,3308.3928,4.8852,0.0442,0.9163,0.5748,0.8802,0.4938,0.3864,0.3707,MARCS,0.0
64951111087777536,true,true,true,167.26834836824986,-24.354548406851595,56.650363065254425,0.05040672,23.071293292300773,0.03696243,7.834199597535483,0.053876076,20.97089199836786,0.06998189,-46.8799865625298,0.047297996,0.07279278,0.23097041,-0.11869072,-0.33160537,0.09621721,-0.058582462,0.013503466,0.20102315,0.2493557,-0.11856771,15.922808,17.568861,14.688958,8.110629889723555E-4,0.014492942078970707,0.002534090181214491,,,1.0419477,0.01868647,31,2.8799028,1.2338495,12.932,12.323,12.066,0.02,0.023,0.018,17.9267,0.0069,16.6698,0.0033,15.209,0.0023,14.5343,0.0039,14.202,0.0046,,,,,,,,,,,,,,,,,3317.625,4.5277,-0.397,1.0046,0.636,0.9635,0.5438,0.4198,0.4705,MARCS,0.0
64743646986745600,true,true,true,167.618235664636,-25.36341230270509,56.165358124707346,0.033693973,22.11312706231153,0.023618702,6.888913572562689,0.03892524,19.479151625182578,0.047289163,-42.89828505875798,0.029129468,0.1323298,0.19734381,-0.1172399,-0.28806612,-0.03600798,-0.3031519,-0.1490019,0.2542672,0.34560856,-0.041115895,10.885116,11.295315,10.300288,4.017229255103467E-4,0.0013260629650166092,0.0010564708996013792,18.575161,4.9388914,1.6656878,0.22580297,31,0.9950266,0.5848274,9.639,9.249,9.127,0.02,0.019,0.017,11.477,,10.942,,10.736,,10.64,,10.593,,,,,,,,,,,,,,,,,,5219.879,4.3338,-0.768,0.1205,0.0985,0.125,0.0718,0.0532,1.0838,MARCS,0.0
51212713298684928,true,true,true,169.92596545268304,-25.783628145070576,57.483718044054854,0.063503206,20.381061770419556,0.040679082,8.56405281077587,0.068200566,22.22535709848987,0.08311867,-51.77948326485617,0.054633643,0.29820517,0.18338147,0.06474943,-0.13029277,0.10152326,0.022617675,0.20485163,0.6629181,0.10571602,-0.08038483,16.615393,18.420534,15.329428,7.855436810881286E-4,0.02108246440264081,0.0025806906275104105,,,1.0130632,0.07238038,31,3.0911064,1.285965,13.429,12.904,12.628,0.023,0.024,0.025,18.816,0.0038,17.5676,0.0031,15.9054,0.0048,15.1477,0.0025,14.7711,0.0026,,,,,,,,,,,,,,,,,3213.6743,4.9132,0.1077,0.8676,0.5325,0.8353,0.4625,0.3728,0.343,MARCS,0.0
68183331674900864,true,true,true,165.35702167963785,-24.531693944140034,55.10681451622317,0.07934809,24.09987966023466,0.051881548,7.743583699122783,0.08009221,21.32276568267739,0.10642422,-47.15749935643863,0.0686537,0.049623746,-0.028295504,-0.14066854,-0.38151625,0.11224601,-0.13205257,0.11242291,0.19545437,0.30366316,-0.061640747,16.861164,18.651493,15.586341,0.0016225948448739093,0.035167569987716446,0.0050492524855726435,,,1.0323466,0.22320785,31,3.0651522,1.2748232,13.76,13.139,12.831,0.029,0.034,0.029,18.9815,0.0189,17.7697,0.0088,16.1451,0.0029,15.3971,0.0019,15.0323,0.0028,,,,,,,,,,,,,,,,,3243.465,4.9285,0.0167,0.9597,0.5942,0.9192,0.5142,0.4049,0.331,MARCS,0.0
70072773688658432,true,true,true,165.09442688776616,-21.837846059049927,56.87751552406311,0.04502423,26.278915634638096,0.03242754,7.392871542707543,0.05059735,20.972828410771882,0.054147717,-46.211325096638944,0.0400052,0.24345478,0.14657056,0.33506292,-0.16511105,0.13535698,-0.23403187,0.18001935,0.42051527,-0.034589812,-0.09493091,15.803625,17.322138,14.594683,0.0015230312311259853,0.015659626040990124,0.006577752599564429,,,1.1019601,0.13467848,31,2.7274551,1.2089424,12.918,12.258,12.041,0.022,0.024,0.02,17.7688,0.0122,16.5002,0.0047,15.1316,0.0078,14.4752,0.0026,14.1826,0.004,,,,,,,,,,,,,,,,,3335.7527,4.4195,-0.6894,0.9044,0.5801,0.8666,0.4926,0.3739,0.4685,MARCS,0.0
66445038154189952,true,true,true,167.61273487438405,-23.14333472164596,57.79958344537178,0.113744535,23.74521180500478,0.06134871,7.360262849437637,0.12483405,18.659365680315418,0.16002807,-45.624193765025254,0.08270442,0.003916479,0.21758321,-0.15514883,-0.33146653,0.11043902,-0.1968561,-0.061753068,0.6456515,0.28089795,-0.32625526,17.512774,19.388319,16.20945,0.0010205760071197486,0.034054903975065075,0.004529920431817552,,,0.9986065,0.0,31,3.1788692,1.3033237,14.352,13.68,13.438,0.028,0.039,0.034,19.793,0.0165,18.5023,0.0092,16.788,0.0022,16.0036,0.0026,15.6149,0.0048,,,,,,,,,,,,,,,,,3172.145,4.9574,0.0295,1.0074,0.613,0.9639,0.5355,0.4285,0.3004,MARCS,0.0
70215705904150272,true,true,true,163.94792172760387,-22.776276478304876,55.29810728691407,0.104675464,26.27180407732168,0.07322142,7.132856574908565,0.113114305,19.351208005030358,0.14467186,-44.35235596193266,0.09789741,0.123021394,0.021689821,-0.026753208,-0.21633507,0.07386275,-0.25528875,0.054300804,0.19788298,0.20882453,0.08303586,17.529934,19.439268,16.223965,0.0014167237122926929,0.046556378975379765,0.005674086608469932,,,0.8872926,0.0,31,3.2153034,1.3059692,14.254,13.688,13.381,0.035,0.042,0.033,19.8423,0.0121,18.5449,0.0062,16.8187,0.0046,16.0046,0.0086,15.598,0.0032,,,,,,,,,,,,,,,,,,,,,,,,,,,0.0
66885942316710784,true,true,true,166.82567463944608,-22.07727193014275,58.01500229553912,0.0768933,25.02030871800869,0.051648557,7.349344579395844,0.08456238,19.587360838137478,0.10615312,-46.49312161763032,0.07203465,0.33771187,0.21156105,0.014301208,-0.04756836,0.19385214,-0.16693477,0.2943252,0.69241226,-0.14765675,-0.31276277,16.95706,18.764578,15.676529,0.0011890946198003158,0.0240337863812246,0.0025983948526266216,,,1.00609,0.09094839,31,3.088049,1.2805309,13.86,13.209,12.968,0.03,0.022,0.034,19.1171,0.0112,17.8354,0.0077,16.2357,0.0032,15.4825,0.0048,15.1305,0.0031,,,,,,,,,,,,,,,,,3257.0508,4.9113,0.0474,1.0993,0.6794,1.0526,0.5885,0.4641,0.3467,MARCS,0.0
66714177981308800,true,true,true,166.6768996887868,-23.459091648212752,56.87471148663865,0.17651656,24.096925873956415,0.129384,7.3060498316672735,0.15838942,19.549174656906196,0.21262258,-44.04487051734967,0.14868098,-0.33438116,-0.29414472,-0.007843243,-0.5434017,0.3984415,-0.14448556,0.37991124,-0.18142948,0.10332785,-0.06407229,17.279522,17.504105,15.850125,0.005583417484599969,0.124765395638643,0.022323746372969973,,,0.86351204,0.5629457,95,1.6539793,1.4293966,,,,,,,,,17.7766,0.0033,16.0735,0.0233,15.4504,0.022,14.8657,0.0933,,,,,,,,,,,,,,,,,,,,,,,,,,,0.0
66536331978799616,true,true,true,167.2995761768994,-22.91560822013642,57.739304037058716,0.03384396,24.10836898081129,0.01862648,7.2832093920825285,0.03453801,19.00204493245024,0.03809677,-44.096572621397236,0.024350328,0.15833381,0.013805512,0.33190256,-0.19451988,-0.038192634,-0.06548507,0.108584434,0.5932664,0.11459581,-0.1553423,15.43928,16.828413,14.27855,9.506925607034494E-4,0.007552314116755093,0.002240712381539036,1.3897046,5.8169866,1.0341716,0.022028534,31,2.5498629,1.1607294,12.698,12.097,11.831,0.022,0.022,0.018,17.1878,0.0096,15.9744,0.004,14.7372,0.0033,14.1863,0.0018,13.9275,0.0026,,,,,,,,,,,,,,,,,3518.3152,4.7746,-0.0402,0.771,0.5067,0.7415,0.4247,0.3167,0.4663,MARCS,0.0
66786539592171392,true,true,true,166.19677794188607,-23.34254359908292,56.602739910078235,0.064162284,24.479398837694735,0.039498694,7.320709076268946,0.06251443,20.307721821964204,0.09284854,-45.75159001135238,0.05471866,-0.13766518,-0.045291014,-0.14958254,-0.38138837,0.09672511,-0.08804368,0.03612018,0.13769542,0.23806764,-0.024488132,16.471231,18.110031,15.216504,7.968800384414969E-4,0.018712874516967366,0.004122608318264436,,,1.1160098,0.16984463,31,2.893527,1.2547274,13.451,12.839,12.573,0.024,0.025,0.029,18.5283,0.016,17.2984,0.0125,15.7722,0.0032,15.056,0.0063,14.7013,0.0038,,,,,,,,,,,,,,,,,3321.492,4.8713,0.0618,0.9558,0.5998,0.9186,0.5151,0.4035,0.3832,MARCS,0.0
51609980593783424,true,true,true,169.9640761527936,-25.061590183458776,58.04683041911643,0.06585503,20.875822870368648,0.04360292,7.75716693476485,0.07290693,20.15796358354762,0.09319861,-47.180647241076436,0.058758967,-0.014109535,0.08725428,-0.019724378,-0.10216364,0.06370027,-0.24921544,-0.020647276,0.6750133,0.25139388,-0.28622025,16.612682,18.399897,15.3376255,9.655588579321791E-4,0.021254207102856932,0.0037299342939145098,,,1.0641127,0.20310101,31,3.062271,1.2750568,13.498,12.881,12.603,0.024,0.026,0.026,18.7236,0.0082,17.4672,0.0042,15.8897,0.0018,15.1595,0.0023,14.7912,0.0012,,,,,,,,,,,,,,,,,3243.9673,4.8192,-0.1029,1.0346,0.6409,0.9904,0.5545,0.4359,0.3597,MARCS,0.0
68174191984522368,true,true,true,165.3607021676943,-24.7839727154017,54.92806066590466,0.05012642,23.9075504224956,0.037736204,7.278890838079187,0.060484666,20.454982963912418,0.06456959,-45.01606595633935,0.045712125,0.2532236,0.12247047,0.14261615,-0.18652949,0.037827104,-0.342558,-0.0048675356,0.273296,0.2663645,-0.06954622,16.293001,17.99997,15.043575,0.0012203827958490367,0.012852625404400301,0.0038208955767796778,,,0.97891575,0.0,31,2.9563942,1.2494259,13.276,12.655,12.406,0.023,0.021,0.019,18.3863,0.0053,17.1198,0.004,15.5864,0.005,14.8874,0.0018,14.5523,0.0037,,,,,,,,,,,,,,,,,3310.6694,4.4493,-0.5878,1.2526,0.7905,1.1957,0.6776,0.5182,0.4675,MARCS,0.0
69889876800977408,true,true,true,165.1755136118371,-23.1310655434809,55.98631467387493,0.02417516,25.26208174501833,0.017749723,7.4793004006386585,0.02723052,19.99247462636992,0.03125465,-45.783661946124276,0.02348408,0.24437663,0.07262894,0.21723433,-0.09205691,-0.019825516,-0.22681166,0.010334552,0.29627645,0.13768843,-0.04717335,14.827288,16.074652,13.722268,0.001172945779596864,0.006020776511720748,0.0024065805560987068,,,1.054227,0.034188084,31,2.3523836,1.1050196,12.223,11.518,11.32,0.023,0.03,0.019,16.5119,0.0081,15.2602,0.0052,14.1907,0.0027,13.6917,0.0014,13.4533,0.0051,,,,,,,,,,,,,,,,,3418.08,4.0645,-1.2103,0.5439,0.3635,0.5195,0.3025,0.2169,0.5869,MARCS,0.0
64933759417769984,true,true,true,167.52278061551533,-23.88409271561978,57.18299036630866,0.03042134,23.2596150203104,0.019152721,7.318904571155356,0.031011451,19.293731697883047,0.03854353,-44.88499205938077,0.023564722,-0.004073514,0.016247373,-0.118847884,-0.2622887,0.006575888,-0.1143423,-0.023374492,0.27946967,0.2319689,0.0020355429,8.33693,8.461256,8.076609,3.342378294780769E-4,9.592086569190947E-4,7.197030156990303E-4,7.639575,0.39881083,1.3925788,0.217768,31,0.38464737,0.26032162,7.758,7.7,7.631,0.024,0.021,0.017,8.6142,0.2209,,,,,,,9.2383,0.1133,,,,,,,,,,,,,,,,,7409.1294,4.1633,-0.3861,0.0691,0.0626,0.0756,0.0421,0.0335,1.6018,A,0.0
66469742806047744,true,true,true,167.61373813566993,-22.99208927849143,57.91338206199028,0.083490275,23.854915222382793,0.054022763,7.570281067984224,0.08894464,18.862964293747872,0.10885134,-46.428949981441505,0.07064051,0.14194211,0.13922268,0.0440759,-0.115567125,0.09761148,0.076797865,0.11296249,0.66535676,0.01924477,-0.13519134,17.095089,19.079287,15.758581,9.101621210416396E-4,0.04085010981678946,0.0025091885242301943,,,1.055996,0.26028872,31,3.3207054,1.3365078,13.822,13.159,12.947,0.026,0.035,0.028,19.4296,0.0137,18.1371,0.0087,16.377,0.003,15.5326,0.0027,15.129,0.0038,,,,,,,,,,,,,,,,,3229.7407,4.8841,0.1627,1.4965,0.9065,1.4309,0.7935,0.6372,0.3664,MARCS,0.0
70224643732103680,true,true,true,163.96223457187062,-22.515562906641886,55.49900192093822,0.067257814,26.460874177309847,0.047620874,7.847842024058634,0.070194624,22.008647535406574,0.08991037,-48.589726047064936,0.06564915,0.049640317,0.010793415,0.018712545,-0.13712558,0.06908964,-0.08974507,0.08090725,0.25174952,0.0017512544,-0.035178073,16.68356,18.45565,15.406732,0.001293139508720545,0.021975815099777404,0.004419049806598439,,,1.0679435,0.22417106,31,3.0489187,1.2768278,13.519,12.96,12.635,0.026,0.032,0.025,18.8641,0.0079,17.5929,0.0038,15.9711,0.0039,15.2154,0.0017,14.8465,0.0035,,,,,,,,,,,,,,,,,3239.9307,4.9065,0.0862,0.8874,0.5479,0.8536,0.4744,0.3791,0.3496,MARCS,0.0
66755959425257856,true,true,true,166.82778689125607,-22.665630324660974,57.57598217276832,0.07254333,24.58746632894919,0.043958973,7.546025078304683,0.08160137,19.59404308135298,0.091878645,-46.28803083358288,0.06172738,0.21869801,0.1029267,0.37705097,-0.13627431,-0.09577436,-0.14986458,0.07132546,0.66309154,-0.006244678,-0.32472798,16.821295,18.565859,15.562358,9.041262833427474E-4,0.018060577752340514,0.00317312980729891,,,0.9516909,0.0,31,3.003501,1.2589369,13.779,13.229,12.922,0.024,0.027,0.032,18.9283,0.011,17.6566,0.0074,16.1108,0.004,15.3842,0.0033,15.0272,0.0027,,,,,,,,,,,,,,,,,3275.047,4.928,-0.0657,0.9688,0.6051,0.9271,0.5214,0.4057,0.3268,MARCS,0.0
67074096242336384,true,true,true,167.30838773543624,-21.272297261016067,58.98515881188635,0.038003568,25.29982950141954,0.023910603,7.160615933777657,0.039763857,18.358723920733823,0.05792672,-45.053509089007406,0.032053873,-0.11076288,0.023935838,0.040678084,-0.0371204,-0.011073529,-0.08048142,-0.089777805,0.5611269,-0.0337762,-0.09327235,15.520327,17.041536,14.321079,0.0010734504595754843,0.0070081549751757465,0.00241217542228326,9.777189,8.819467,1.072395,0.12908633,31,2.720457,1.1992474,12.647,11.943,11.722,0.025,0.021,0.023,17.4691,0.0069,16.1249,0.0038,14.8104,0.003,14.2119,0.0027,13.9021,0.0013,,,,,,,,,,,,,,,,,3480.5542,4.5844,-0.3784,1.2046,0.7824,1.1513,0.6607,0.4905,0.5333,MARCS,0.0
66960743466922624,true,true,true,166.20435167855538,-22.05823393974582,57.561546788631134,0.07853078,25.42482323104547,0.056686223,7.443343423871985,0.0931404,19.420070860663902,0.10315629,-45.37822394377018,0.08038472,0.42739397,0.2726118,0.067036085,-0.19571552,0.13174158,-0.37487003,0.28687236,0.7299532,-0.025410049,-0.44417003,16.939152,18.816092,15.652843,0.0011669664854068716,0.023077036964778735,0.0032473903920487274,,,1.0182151,0.11393885,31,3.163248,1.2863083,13.79,13.141,12.922,0.024,0.026,0.028,19.1509,0.0099,17.8499,0.0083,16.2142,0.0034,15.4295,0.0027,15.083,0.0037,,,,,,,,,,,,,,,,,3245.205,4.9044,0.0828,1.1219,0.69,1.0751,0.5991,0.476,0.3513,MARCS,0.0
51750748145042176,true,true,true,169.99659021044405,-24.133383744343682,58.76511398735089,0.104924425,21.51922943290343,0.06307106,7.7338647880270175,0.116306484,20.83787039393524,0.13257885,-49.02386920748215,0.08274556,0.18904619,0.047546946,0.3111596,-0.18239146,0.0042221057,-0.17317618,0.14468318,0.5614553,0.12967564,-0.24121383,17.599648,19.599949,16.28206,0.0010476775330914385,0.057827864712860874,0.0047302846608686736,,,0.9937293,0.1648968,31,3.3178883,1.3175869,14.339,13.771,13.458,0.033,0.033,0.037,19.9385,0.0201,18.6411,0.0095,16.8643,0.004,16.0585,0.0037,15.6557,0.0034,,,,,,,,,,,,,,,,,3131.9636,4.9698,0.0386,0.9585,0.5779,0.9174,0.5071,0.4104,0.2848,MARCS,0.0
69838131035001856,true,true,true,165.37486016735562,-23.13645384532839,56.13412411806881,0.087723516,25.13659429380858,0.067025535,7.662160127462412,0.10171975,21.463357658961304,0.10641124,-48.07332552456981,0.08463865,0.28149873,0.16720508,0.24697927,-0.07224065,0.025078138,-0.2352033,0.08261807,0.39433596,0.030086976,-0.16348188,17.42494,19.299313,16.12656,0.0010510918309888232,0.05650846036175329,0.005269757612779551,,,0.946606,0.0,31,3.1727524,1.2983799,14.275,13.587,13.372,0.032,0.037,0.037,19.7154,0.0152,18.4282,0.0075,16.7055,0.0038,15.9212,0.0032,15.5315,0.0034,,,,,,,,,,,,,,,,,3187.2844,4.9757,-0.0671,1.1123,0.6789,1.0607,0.5925,0.4683,0.2815,MARCS,0.0
69876923179646080,true,true,true,165.30762314689207,-23.315587473115244,55.95194192919897,0.057673205,25.043404964099803,0.039471794,7.201589805683961,0.058217473,19.278146177105445,0.07573463,-46.133960498251554,0.05446726,0.041210186,-0.050292637,-0.06860513,-0.18634109,0.038545612,-0.13320959,0.064063646,0.22194977,0.06976775,-0.015631452,15.993855,17.759949,14.714858,0.0012020737165264017,0.01150026295499278,0.0020057448043652813,,,1.3087212,0.2708329,31,3.0450907,1.2789974,12.847,12.24,11.957,0.026,0.03,0.018,18.1457,0.0044,16.8735,0.0038,15.28,0.0023,14.5406,0.0013,14.1768,0.0019,,,,,,,,,,,,,,,,,3310.7566,4.5827,-0.135,1.2389,0.7738,1.1869,0.6667,0.5203,0.524,MARCS,0.0
66468918172339328,true,true,true,167.64185988568892,-23.04717801803972,57.89280600086858,0.0778792,23.797032725739253,0.045061916,7.242062708797047,0.08368073,19.108210218397666,0.096353956,-45.41617175629843,0.06129364,0.1593176,0.09434432,0.17765118,-0.17277858,0.05185652,-0.05265404,0.15584713,0.64338845,0.056998666,-0.2658717,17.061905,18.879023,15.782236,8.41510471792512E-4,0.019901587036450088,0.002384249059250802,,,0.96364164,0.0,31,3.0967865,1.2796688,13.908,13.348,13.049,0.024,0.037,0.029,19.2018,0.0181,17.9748,0.005,16.3365,0.004,15.5807,0.0031,15.2219,0.0021,,,,,,,,,,,,,,,,,3257.1313,4.9147,0.039,1.1504,0.7105,1.1002,0.6158,0.4845,0.344,MARCS,0.0
70180216590377600,true,true,true,163.96569470999793,-23.219198109881678,54.991109086565196,0.095506534,25.924761014624796,0.07496486,7.670244565641674,0.11019721,21.07126951839483,0.117035866,-47.354060674171215,0.09552685,0.10938027,0.09710405,0.28834668,-0.113399096,0.15305492,-0.2508979,0.08876437,0.18400837,0.14682119,-0.0036855706,17.592936,19.655966,16.2685,0.0022254344831367763,0.035860184139126436,0.00814071372974886,,,0.9982637,0.0,31,3.3874664,1.3244362,14.324,13.631,13.352,0.035,0.043,0.032,20.0122,0.0107,18.6556,0.0036,16.8795,0.0054,16.0307,0.0025,15.6048,0.0027,,,,,,,,,,,,,,,,,3171.7358,4.9568,0.03,1.504,0.9053,1.429,0.7961,0.6328,0.3007,MARCS,0.0
66566946505629440,true,true,true,166.9359330678528,-22.682158289813486,57.644175638875446,0.014530213,24.507572021342792,0.010742723,7.217253321624427,0.017900186,19.843612051501747,0.019563891,-45.04069139111231,0.015265566,0.38535005,0.14563529,0.18564962,-0.10836113,0.039891325,-0.41426334,0.28261027,0.76435155,-0.17199183,-0.500011,12.286877,12.848716,11.577943,8.733915190835992E-4,0.0034915010147581155,0.002367930456382152,7.5449734,1.2695082,1.0799271,0.06279269,31,1.2707729,0.70893383,10.698,10.197,10.08,0.019,0.018,0.017,12.9576,0.001,14.1439,0.0015,16.6613,0.0076,11.7795,0.0262,12.5879,0.2268,,,,,,,,,,,,,,,,,4839.273,4.5923,-0.1572,0.2744,0.2139,0.2752,0.1623,0.1129,0.7002,PHOENIX,0.0
66850517426494208,true,true,true,166.83722754048443,-22.548914619656717,57.67018622911764,0.10482655,24.667248287920742,0.07642124,7.21695823861784,0.11554198,19.463760308571743,0.15915784,-44.37617719432432,0.10476373,0.18830425,0.16355518,0.0016754604,0.12516473,0.07551814,-0.1592563,0.08421517,0.7680113,-0.1572787,-0.281209,17.439728,19.212,16.13909,0.0012258584546268065,0.042371941642901055,0.0052833326772012594,,,0.98710555,0.0,31,3.0729103,1.3006382,14.328,13.698,13.288,0.029,0.03,0.036,19.6809,0.0241,18.3732,0.0048,16.6989,0.0054,15.9497,0.003,15.5825,0.0037,,,,,,,,,,,,,,,,,3214.938,4.9606,-0.0561,1.1395,0.6995,1.0867,0.6085,0.4782,0.2979,MARCS,0.0
66507882115488128,true,true,true,167.31451377144194,-23.239058353960463,57.5091413924293,0.045924563,23.862222908526427,0.0226841,7.5888018064744225,0.04286828,19.78431628377371,0.05737617,-45.29047102789216,0.030142255,0.034751743,-0.006065691,-0.14087504,-0.42073515,0.087031424,-0.17283373,0.10997932,0.6101418,0.19383152,-0.28636307,15.739478,17.259941,14.533685,6.525788663434846E-4,0.007113206401573963,0.0015777632781548865,,,0.946568,0.0,31,2.7262564,1.2057934,12.854,12.228,11.996,0.024,0.023,0.018,17.5807,0.029,16.3722,0.0059,15.0338,0.0044,14.3896,0.0028,14.1092,5.0E-4,,,,,,,,,,,,,,,,,3340.2202,4.4116,-0.7218,0.8829,0.5676,0.8458,0.4814,0.3644,0.4651,MARCS,0.0
65280036863012864,true,true,true,166.20660818458182,-23.50856890023305,56.48794486728435,0.12587634,24.350095711640893,0.078648135,7.1052667579658895,0.12849955,19.17547678034964,0.16937177,-43.778413234323914,0.099577785,-0.046320025,0.0055489014,-0.054265752,-0.2344862,-0.0076878374,-0.08007297,-0.04817644,0.30006376,0.068824805,-0.09741802,17.349085,19.284576,15.969918,0.0015163956049722353,0.06618066197767987,0.007400808398010437,,,0.9913123,0.5529989,95,3.3146582,1.3791666,13.848,13.195,12.893,0.032,0.032,0.026,19.3052,0.0789,18.4991,0.0509,16.6147,0.0037,15.7066,0.0027,15.2511,0.0089,,,,,,,,,,,,,,,,,,,,,,,,,,,0.0
51020711079738496,true,true,true,170.12772416703302,-27.12118650628203,56.636689414744,0.05830014,19.291624666080637,0.04383146,8.056954604505249,0.07598967,21.790466236797435,0.08038941,-48.94241293850868,0.051112186,0.08884754,0.18562576,0.039168604,-0.23928969,0.009074501,-0.3782157,-0.14330898,0.28025743,0.40986407,-0.22857492,16.462261,18.256811,15.179952,0.001590222856449452,0.019267083066469452,0.0040031892048499286,,,1.0493917,0.09475439,31,3.0768595,1.2823095,13.316,12.725,12.422,0.024,0.031,0.022,18.6337,0.0062,17.3779,0.004,15.7624,0.0048,14.9856,0.0032,14.6269,0.0028,,,,,,,,,,,,,,,,,3281.4773,4.8728,0.1154,1.1376,0.7033,1.0923,0.6088,0.4836,0.3799,MARCS,0.0
68186114813689344,true,true,true,165.3749597581485,-24.349541174212316,55.251691989287046,0.07822965,24.22626696033306,0.053973205,7.2492674091900104,0.08166509,20.668062497077784,0.11154914,-44.92118727245915,0.07711072,-0.13069837,-0.021307578,-0.1911127,0.034633532,-0.14321125,-0.17108753,-0.13280754,0.21872449,-0.0016728134,0.1548449,17.018175,18.900452,15.71983,0.0010736482166659538,0.022340217061435123,0.006321734406799743,,,1.0101063,0.1577945,31,3.180622,1.2983456,13.839,13.224,12.944,0.031,0.034,0.029,19.3064,0.0191,17.9418,0.0071,16.2816,0.0041,15.5218,0.0062,15.1278,0.0044,,,,,,,,,,,,,,,,,3240.217,4.9044,0.0888,1.1882,0.7288,1.1381,0.6338,0.5043,0.3511,MARCS,0.0
70019378655328768,true,true,true,165.3364972255047,-22.37172994963465,56.667843836000486,0.047115505,25.73135614781764,0.030111142,7.286429472382369,0.04829554,20.282933618253516,0.06396331,-44.51992939679294,0.038450267,-0.21038799,-0.017561978,-0.1871262,-0.33129478,0.17054313,0.097056426,0.096315145,0.22036068,0.29856446,0.0046367785,15.82318,17.355955,14.620584,0.0010634933989975628,0.013653194344505586,0.0020731620192626643,,,1.0549431,0.0830038,31,2.7353716,1.2025967,12.927,12.268,12.02,0.023,0.025,0.027,17.7628,0.0032,16.4657,0.0045,15.1113,0.0032,14.4906,0.002,14.1907,0.0019,,,,,,,,,,,,,,,,,3419.0354,4.5662,-0.5245,1.1282,0.7284,1.078,0.6169,0.4611,0.47,MARCS,0.0
66471220274934272,true,true,true,167.63223445992452,-22.911848962674203,57.9870267667612,0.016642379,23.90175276491097,0.009063297,7.5653725973483175,0.016987473,20.569032402298205,0.020630557,-45.934426876990045,0.01255043,0.21102996,0.06915982,0.25935763,-0.36496225,0.026975254,-0.03645121,0.20405254,0.6091585,-0.047442764,-0.27290666,9.926686,10.219089,9.466751,2.980938787367806E-4,7.660316103592893E-4,6.071635146885837E-4,5.770229,0.2621823,1.0842375,0.083047606,31,0.75233746,0.4599352,8.983,8.711,8.632,0.02,0.023,0.017,10.461,0.0176,10.0415,6.0E-4,,,10.9597,0.001,10.5587,0.0141,,,,,,,,,,,,,,,,,6163.919,4.363,-0.3863,0.1401,0.1195,0.1488,0.0844,0.0644,1.0914,PHOENIX,0.0
64884624994048256,true,true,true,167.65125187747174,-24.400531851254826,56.89500778235771,0.044145465,22.801125159997,0.030537553,7.307114829720655,0.04966351,20.063807137477315,0.060456045,-44.55267649851964,0.038488965,0.041034445,0.024873449,-0.0057570497,-0.17253447,-0.012470483,-0.2994925,-0.076490454,0.32649544,0.28804815,-0.10773351,16.003756,17.615614,14.774321,0.001174010036925239,0.008522229368095328,0.002791642811521739,,,1.0177438,0.08329455,31,2.8412933,1.229435,13.018,12.382,12.147,0.023,0.025,0.021,17.986,0.0102,16.7352,0.0072,15.2961,0.0035,14.6343,0.0023,14.2978,0.0028,,,,,,,,,,,,,,,,,3350.696,4.6341,-0.3338,1.009,0.6416,0.9674,0.5474,0.42,0.449,MARCS,0.0
70356580830628864,true,true,true,163.98343651581723,-21.82612422468634,56.02056349331565,0.0926955,26.96946450921715,0.06210947,7.474264263220654,0.09915172,20.58947399635434,0.13269654,-45.55254574314508,0.08265476,0.17372176,0.10991044,0.059423167,-0.25462195,-0.0022056312,-0.13671584,0.014801188,0.30930284,0.14535846,-0.046968527,17.315113,19.266893,16.001133,0.0013168513890333185,0.0248434048423674,0.004349990115303174,,,0.95486456,0.0,31,3.2657604,1.3139801,14.073,13.396,13.13,0.029,0.042,0.03,19.641,0.0193,18.3697,0.0061,16.5935,0.0012,15.7705,0.0027,15.3626,0.0032,,,,,,,,,,,,,,,,,3165.8906,4.9218,0.1468,1.163,0.7007,1.1153,0.6148,0.5006,0.3315,MARCS,0.0
66517468482370176,true,true,true,166.97553213418126,-23.487082441261208,57.07512164513408,0.02081175,23.891273678457935,0.014940319,7.295109846533388,0.02168634,19.104444028563226,0.02612894,-45.3486188239001,0.018848723,-0.040822394,-0.009619972,0.10226201,-0.3319375,0.23725617,-0.27464542,0.16270271,0.12314261,0.12384364,-0.014528772,13.975899,14.928371,13.007132,3.5990820960963904E-4,0.0022247998984634815,0.0010057735689704655,8.476849,2.436734,1.109031,0.050433,31,1.9212399,0.96876717,11.808,11.126,10.955,0.021,0.027,0.021,15.3617,0.0033,14.1297,0.0024,13.8706,0.001,13.1127,9.0E-4,12.9434,0.002,,,,,,,,,,,,,,,,,,,,,,,,,,,0.0
64982344089813248,true,true,true,166.84289048162276,-24.175795517100575,56.46988426929079,0.05676275,23.46487435939193,0.037493736,7.216786495064386,0.058647167,20.003641467123558,0.07758923,-46.246385433920125,0.050357424,-0.13145536,-0.011083435,-0.06396716,-0.11760352,-0.08171462,-0.08538912,-0.113594204,0.16770117,0.034191325,0.12067392,16.27454,17.967371,15.030655,0.003115041910955424,0.015981037251836847,0.007148869517932847,,,1.0719284,0.123208836,31,2.936716,1.243885,13.25,12.581,12.307,0.025,0.024,0.022,18.3353,0.0083,17.0761,0.0141,15.5293,0.0063,14.844,0.0034,14.5189,0.0027,,,,,,,,,,,,,,,,,,,,,,,,,,,0.0
66451497784867712,true,true,true,167.3467538014993,-23.498995493948414,57.33962532353392,0.040067866,23.6515782545828,0.029855922,7.376227208651057,0.045091506,18.204462282608745,0.05493896,-45.55520366974744,0.041579086,0.2307122,0.16666071,0.1138783,0.0086503215,0.14324597,-0.29091442,0.19928215,0.69019544,0.05811658,-0.31981826,15.786174,17.350674,14.57029,7.725536500982122E-4,0.00885437853177293,0.002171440931087814,,,1.0369788,0.08828779,31,2.780384,1.2158842,12.828,12.257,12.017,0.023,0.024,0.021,17.7502,0.0059,16.4872,0.0043,15.0983,0.0047,14.4286,0.0011,14.1299,0.0028,,,,,,,,,,,,,,,,,3316.2483,4.4084,-0.6406,0.8817,0.5628,0.8461,0.479,0.3671,0.4804,MARCS,0.0
64095656682494720,true,true,true,168.43949325434824,-23.7960267045126,57.91274273726911,0.015803095,22.750074669732147,0.009947063,7.284987335263736,0.017025813,19.604490971156867,0.021057004,-45.596747505378964,0.013641431,0.19128358,0.12050804,0.12101422,-0.1597738,0.027432479,-0.10780315,0.101141214,0.6424636,-0.08725473,-0.27644885,11.850179,12.352765,11.187994,3.889176854248737E-4,0.001102499601839574,7.116443924313627E-4,6.2060633,0.34099317,1.272211,0.10875688,31,1.1647711,0.6621847,10.435,10.013,9.837,0.022,0.03,0.022,12.961,,12.217,,11.843,,11.609,,11.508,,,,,,,,,,,,,,,,,,4981.6357,4.5376,-0.2866,0.2059,0.1633,0.2087,0.1222,0.0865,0.7795,PHOENIX,0.0
65280071222749824,true,true,true,166.226967808559,-23.493173874782066,56.51448084262988,0.0596306,24.349022127316783,0.040894717,6.737441502552408,0.061634224,18.420127567135655,0.08547819,-41.82671249431167,0.05318094,-0.1107791,-0.023148438,0.09187137,-0.1110918,-0.03940923,-0.113859765,-0.09831179,0.33775413,0.06914773,0.030130493,16.561602,18.256601,15.307397,0.0012351757438151326,0.026407249450772857,0.004589202348834603,,,1.1101922,0.1399388,31,2.9492044,1.2542048,13.503,12.882,12.611,0.029,0.035,0.028,18.5462,0.0294,17.3255,0.0119,15.8514,0.0057,15.1428,0.004,14.7888,0.0033,,,,,,,,,,,,,,,,,3366.7488,4.8457,0.0494,1.2448,0.7831,1.1912,0.6722,0.5191,0.4056,MARCS,0.0
51622315739944704,true,true,true,170.14819834343342,-24.784930802028978,58.381595313726706,0.07435078,20.957291729660213,0.046890788,8.29081962283454,0.076006964,21.857845659931144,0.10147298,-50.53282089449466,0.061090454,0.06605828,-0.005867433,0.06497637,-0.12796874,0.04633041,-0.03894959,0.1009741,0.5305997,0.0045867083,-0.12382813,16.850912,18.658173,15.585256,0.0010359924217098078,0.020910362578813835,0.00309111540387863,,,1.0518576,0.23544393,31,3.072917,1.2656565,13.79,13.176,12.921,0.023,0.028,0.029,18.9746,0.0079,17.7204,0.0055,16.1291,0.0029,15.4102,0.0035,15.0638,0.0061,,,,,,,,,,,,,,,,,3262.9639,4.9537,-0.1055,1.0647,0.6622,1.0166,0.572,0.4446,0.307,MARCS,0.0
68282837477714816,true,true,true,165.3800328201563,-24.133438864778363,55.4117869503773,0.09427693,24.385746127461942,0.071770675,7.2460414350558295,0.10501178,20.66941639207741,0.11814708,-44.699524208194816,0.08972404,0.19285807,0.11554765,0.18349192,-0.16067488,0.06962111,-0.26290387,0.081208594,0.21533348,0.004251714,-0.042256925,17.633608,19.569696,16.32495,0.0013656307096182325,0.04971429142742569,0.004987462029920243,,,0.9705496,0.1299592,31,3.2447472,1.3086586,14.352,13.726,13.43,0.031,0.035,0.038,19.993,0.0176,18.701,0.0098,16.9103,0.0017,16.0917,0.0048,15.6938,0.0054,,,,,,,,,,,,,,,,,3167.0588,4.9577,0.0344,1.1738,0.7103,1.1205,0.6225,0.4979,0.2999,MARCS,0.0
70028170451469312,true,true,true,165.34222413100332,-22.143741696898516,56.84109229961472,0.022169787,25.897739265702654,0.014315307,7.171909892274891,0.024377132,20.30233114114823,0.023567459,-45.190117254010005,0.016276434,0.100250244,-0.02162392,0.35127467,-0.19270392,0.050668396,-0.23190701,0.03316963,0.2241361,0.1505492,-0.005372468,14.385638,15.504047,13.333762,8.529326073296149E-4,0.0048568289763886805,0.002727690090486215,2.0729873,8.636045,1.0687273,0.0,31,2.1702852,1.0518761,11.927,11.225,11.028,0.02,0.019,0.017,15.8854,0.004,14.611,0.0079,13.761,0.0061,13.3246,0.0053,13.1231,0.0017,,,,,,,,,,,,,,,,,3872.5876,4.6534,0.0667,0.8669,0.5988,0.8323,0.4901,0.3423,0.6016,MARCS,0.0
64929391436043264,true,true,true,167.63658481092355,-23.67561055068102,57.42060476339698,0.031514626,23.341369648361887,0.02736339,7.3159120319680895,0.04082006,18.7330771968439,0.040723853,-45.13349681432525,0.038173627,0.35128263,0.3445095,0.023203082,0.082852885,0.2825198,-0.47310326,0.31360337,0.8111443,0.017667342,-0.53626525,8.094326,8.184235,7.9111433,3.565652723333379E-4,5.693857946008671E-4,4.925035306977369E-4,5.7319303,0.2046638,1.2130493,0.21070634,31,0.27309132,0.18318272,7.7,7.657,7.648,0.02,0.02,0.018,7.8078,0.0932,8.4378,0.0804,7.5929,0.0052,,,10.0651,0.0015,,,,,,,,,,,,,,,,,7857.2847,4.2211,-0.229,0.0464,0.0427,0.0512,0.0284,0.0228,1.5785,A,0.0
64928674178659968,true,true,true,167.66183115717095,-23.749581903578537,57.38409775234471,0.08842286,23.271498869578785,0.06227261,7.354278323471858,0.09994091,20.4549652303075,0.113565266,-44.87002052000801,0.083096094,0.28287894,0.23339595,0.23722473,-0.08063257,0.10937142,-0.16455896,0.16754432,0.62269324,0.12006116,-0.21048598,17.513542,19.414448,16.219572,0.0012562585779642994,0.037760654479864035,0.005561974733541488,,,0.9231417,0.0,31,3.1948757,1.2939701,14.301,13.767,13.44,0.027,0.034,0.038,19.7583,0.0134,18.4451,0.0061,16.7792,0.0046,16.0189,0.0028,15.6238,0.0058,,,,,,,,,,,,,,,,,3206.597,4.9826,-0.1133,1.1548,0.708,1.1003,0.6166,0.4838,0.277,MARCS,0.0
70176265220466048,true,true,true,164.04414368621246,-23.222346451293227,55.04973603282433,0.12828162,25.875505203755026,0.10093978,7.039188533354887,0.14654276,19.668000428174448,0.15943046,-43.15931141819544,0.12961087,0.19045784,0.08396657,0.30923396,-0.060632173,0.11641424,-0.22375534,0.07204632,0.21482712,0.15795544,0.024970757,17.952099,19.950176,16.64254,0.002075312418516271,0.08487605040106466,0.0068399983764223325,,,0.90814424,0.55627406,95,3.3076363,1.3095589,14.624,13.961,13.685,0.035,0.049,0.052,20.3319,0.0233,19.0076,0.0047,17.2402,0.004,16.4005,0.0015,15.9949,0.0041,,,,,,,,,,,,,,,,,3140.8171,4.989,-0.0416,1.1915,0.7179,1.1347,0.6308,0.5042,0.2672,MARCS,0.0
64971933089093760,true,true,true,166.97806214694404,-24.222498247112743,56.534933945361814,0.014513168,23.3473212122962,0.010024038,7.388568334356815,0.015051717,19.54291585018702,0.01882543,-45.246857647763434,0.013102093,-0.05826443,0.023769813,2.823798E-4,-0.23135443,0.049638845,0.0046223374,0.012065294,0.14168815,0.13875939,0.1608845,13.21777,13.992208,12.351245,0.002352900959591439,0.009286697681654148,0.006193718054149168,6.731614,3.0530305,1.0232012,0.0,31,1.6409626,0.8665247,11.221,10.576,10.407,0.02,0.019,0.016,14.3038,0.0074,13.2915,0.001,13.038,,12.656,,12.3868,0.0082,,,,,,,,,,,,,,,,,4193.054,4.6232,0.0683,0.2464,0.1808,0.2399,0.143,0.0968,0.6511,MARCS,0.0
65018417518780672,true,true,true,166.84784345981294,-23.62082088145999,56.881922360095274,0.073789366,23.87181815563443,0.054316692,7.33883323931341,0.086343035,19.272619406218368,0.09804622,-46.356623741699735,0.0698245,0.06374052,0.0154073145,0.21894173,-0.11189176,-0.021482307,-0.32055062,-0.124928236,0.060139857,0.29700124,0.016561333,16.862331,18.660522,15.572258,0.0014116273053706868,0.023864672635821607,0.006508695611081042,,,1.1373919,0.32551154,31,3.0882645,1.2900734,13.702,13.135,12.814,0.021,0.031,0.025,19.0575,0.0105,17.7976,0.0076,16.1581,0.0033,15.382,0.0037,14.9944,0.0051,,,,,,,,,,,,,,,,,3241.1404,4.9001,0.0996,1.0093,0.6213,0.9696,0.539,0.4306,0.3546,MARCS,0.0
64912009705490304,true,true,true,167.35853156772353,-24.173399984223085,56.849467055307045,0.04786115,23.149004829363466,0.03559782,7.346863076857361,0.051714923,19.44531824588345,0.06531846,-45.5403292607655,0.045195494,0.18223242,0.1926155,0.1219859,-0.09696144,0.02299245,-0.0042270604,0.008379914,0.3802016,0.0231545,0.04262765,15.890427,17.49346,14.665,9.0050626175578E-4,0.005499082641092726,0.0032750645364209,,,1.099646,0.14970544,31,2.8284597,1.2254267,12.922,12.368,12.083,0.021,0.024,0.023,17.859,0.0058,16.6322,0.0052,15.1945,0.0015,14.5188,0.0045,14.2115,0.0026,,,,,,,,,,,,,,,,,3413.0269,4.8001,0.0975,0.9574,0.6097,0.9226,0.5193,0.4033,0.4477,MARCS,0.0
65241863193865856,true,true,true,166.2279760780018,-24.127309756665333,56.05066499276738,0.056609143,23.876887924642986,0.043366667,7.423976552521405,0.06346344,19.99343255069661,0.07469429,-45.11111429836059,0.057549708,0.4291104,0.27589428,0.21362305,-0.20086382,-0.031051546,-0.18885756,0.06814388,0.27316004,-0.12988536,-0.16071834,16.52288,18.249743,15.257679,9.26459857885365E-4,0.025596007350282973,0.001831263071877349,,,1.0594523,0.0,31,2.9920635,1.2652016,13.449,12.817,12.575,0.022,0.026,0.022,18.6138,0.0051,17.394,0.0066,15.8101,0.0025,15.0846,0.0025,14.7333,0.0033,,,,,,,,,,,,,,,,,3288.6443,4.8775,0.0889,0.9391,0.5849,0.9035,0.5042,0.3993,0.3758,MARCS,0.0
51760270089541504,true,true,true,170.23311418218123,-23.827365572816415,59.1615557151752,0.09817196,21.585508415753093,0.05139144,7.050928928167679,0.08929637,18.148940758511863,0.13038589,-44.07519446975317,0.07025743,-0.22853743,-0.1231666,-0.172655,-0.47519326,0.31294444,-0.03309659,0.23789151,0.33253223,0.23779313,-0.30173904,17.056017,18.851414,15.759974,0.0011793943418766033,0.05708232382246761,0.0035095926659071707,,,1.0451274,0.17391066,31,3.0914402,1.2960434,13.827,13.28,12.904,0.026,0.03,0.025,19.2966,0.0112,18.0296,0.0047,16.3279,0.0022,15.554,0.003,15.1755,0.0066,,,,,,,,,,,,,,,,,3219.7173,4.905,0.118,1.0798,0.66,1.0367,0.5747,0.462,0.3493,MARCS,0.0
68185221460637824,true,true,true,165.38083208860712,-24.436913946932997,55.193032686945266,0.065517016,24.15698842702024,0.045559578,7.313755069457189,0.06649628,21.151802316635575,0.09194762,-45.716889789305,0.066816084,0.149173,0.023411797,-0.121615894,-0.16630106,-0.16612679,-0.14023189,-0.12939224,0.06296662,0.0255255,0.019387927,16.584269,18.295221,15.32468,0.0010481762272548357,0.030544916737252677,0.006158516593285509,,,1.0239469,0.15857053,31,2.970541,1.2595882,13.551,12.927,12.657,0.031,0.038,0.034,18.5828,0.0107,17.3788,0.0053,15.8618,0.0059,15.1766,0.0037,14.8174,0.0023,,,,,,,,,,,,,,,,,3319.6162,4.8873,-0.0534,1.0214,0.6428,0.9776,0.5516,0.426,0.3619,MARCS,0.0
68291977168100480,true,true,true,165.34729924535912,-23.958576921972757,55.513837871122,0.030494768,24.536880391599198,0.021743998,7.219944321360041,0.034687944,19.159797994693193,0.035958074,-44.290963819389965,0.026707515,0.08727269,-0.087196454,0.3432554,-0.17879099,0.043750625,-0.36580157,0.052339632,0.18238845,0.10013059,-0.0917776,15.252396,16.605614,14.1020975,0.0011355249195551908,0.006902563874580191,0.0031131989095209965,6.9040146,9.273096,1.0722638,0.0,31,2.5035162,1.1502981,12.528,11.882,11.614,0.024,0.031,0.021,16.9874,0.0094,15.7236,0.0074,14.5618,0.0041,14.0172,0.0028,13.7603,0.0038,,,,,,,,,,,,,,,,,3516.5598,4.5861,-0.4722,0.8761,0.579,0.8399,0.4842,0.3557,0.5259,MARCS,0.0
64739248940235392,true,true,true,167.7393830036488,-25.37272472606963,56.24560047392225,0.018148066,22.032257713665405,0.013210219,7.135003545664876,0.022089964,18.831601896246248,0.028545037,-43.71115305691276,0.018287946,0.21619663,0.15215468,-0.03923642,-0.30144554,0.121070586,-0.24226744,0.014656704,0.18199733,0.47488865,0.06504075,9.362043,9.612339,8.948181,2.474976482365384E-4,3.5224560417438305E-4,3.141390761364863E-4,6.671907,0.25848874,1.0530045,0.09801779,31,0.66415787,0.41386223,8.52,8.349,8.278,0.018,0.033,0.019,9.5901,0.1571,9.1963,0.2026,,,9.4881,0.2157,10.4168,0.0515,,,,,,,,,,,,,,,,,6415.9927,4.1953,-0.2868,0.1458,0.1263,0.1562,0.088,0.0682,1.3786,MARCS,0.0
64896101146708224,true,true,true,167.68114172571785,-24.001813171269987,57.21119391554984,0.07953873,23.07486184165542,0.05331861,7.768417354430479,0.08480659,20.950793364025692,0.10218906,-48.333507032465604,0.068479516,0.22137597,0.16894306,-0.014873119,-0.2690421,0.034356285,-0.20349684,0.06001404,0.38294864,0.04022038,-0.1853655,17.194057,19.137468,15.899172,0.0014608631413153242,0.03625085097712126,0.003613784562126443,,,1.023129,0.0,31,3.2382965,1.2948856,13.955,13.426,13.122,0.028,0.031,0.034,19.5059,0.0278,18.1853,0.0037,16.4802,0.0027,15.7041,0.0028,15.3119,0.0037,,,,,,,,,,,,,,,,,3210.1973,4.9519,-0.0214,1.1306,0.693,1.0788,0.6033,0.4755,0.3057,MARCS,0.0
68475904847290240,true,true,true,164.04681882247445,-24.982361892205567,53.79354808310715,0.07345341,24.531663645306,0.048858277,7.172670900160543,0.08482127,20.70616102061893,0.08114088,-42.988025987035556,0.063519835,0.25542545,0.0093924515,0.4636346,-0.083847255,0.1581382,-0.18600583,0.2452218,0.3608297,0.19397405,-0.08113399,16.66706,18.404629,15.402696,9.656537371162667E-4,0.02596971041707155,0.0031765579792410285,,,1.0128381,0.0349912,31,3.001933,1.2643652,13.549,12.936,12.658,0.024,0.026,0.024,18.7663,0.0131,17.4994,0.005,15.9592,0.0033,15.226,0.0026,14.8618,0.0033,,,,,,,,,,,,,,,,,3296.5974,4.8862,0.0519,1.0256,0.64,0.9839,0.5515,0.4324,0.3686,MARCS,0.0
64438841747360768,true,true,true,167.07124786823297,-25.39271497434922,55.749067726136026,0.015915366,22.424067531711877,0.010411876,7.451832197267993,0.016621763,21.407386970466742,0.021107519,-44.390267261350516,0.012865195,0.08517972,0.1146158,-0.03345954,-0.3486392,-0.018082028,-0.08024467,-0.051829517,0.19533654,0.25742713,0.014122628,13.361495,14.181111,12.475371,7.22387135243894E-4,0.0028962442207647143,0.0018637591943468322,7.361235,2.3796651,1.0982671,0.02072533,31,1.70574,0.88612366,11.453,10.744,10.587,0.022,0.023,0.019,14.5516,0.0039,13.4327,0.0259,13.09,,12.807,,12.4916,0.009,,,,,,,,,,,,,,,,,4317.79,4.6601,0.1119,0.6555,0.4816,0.6371,0.3812,0.2559,0.6363,MARCS,0.0
65011481147922560,true,true,true,166.85512568225028,-23.772410600423992,56.77549159808858,0.08757009,23.755443467081154,0.06788757,7.141353557340774,0.10526337,18.265519303836555,0.113577396,-43.555156923039064,0.082664944,0.16541046,0.09893906,0.31082,0.006946128,-0.021852538,-0.30673724,-0.061338548,0.29620242,0.23793238,-0.12513787,17.294428,19.121851,15.994456,0.0014030980433698216,0.048645937325585906,0.006039301910867093,,,1.0635456,0.19448444,31,3.1273947,1.2999716,14.071,13.511,13.151,0.027,0.033,0.033,19.609,0.0147,18.242,0.0112,16.559,0.0037,15.7976,0.0038,15.4183,0.005,,,,,,,,,,,,,,,,,3251.3215,4.9411,-0.0536,1.3267,0.8176,1.2628,0.71,0.5526,0.3168,MARCS,0.0
66452734735432192,true,true,true,167.41627953166537,-23.361082871844925,57.493149308189984,0.028522734,23.70921379286682,0.017021157,7.272111078001381,0.028765585,17.403520565966943,0.038068987,-44.874753299167956,0.022438964,0.072391495,0.048325416,0.077599615,-0.2787777,-0.011151821,-0.03802771,0.024966564,0.5548242,0.16016933,-0.13234703,15.160209,16.501139,14.013567,8.991027339738155E-4,0.005646078541889488,0.002557620164573971,24.27805,5.757842,1.0517503,0.045415726,31,2.4875717,1.1466417,12.486,11.85,11.596,0.023,0.026,0.02,16.8997,0.0023,15.6896,0.0045,14.4796,0.0019,13.9442,7.0E-4,13.6937,0.007,,,,,,,,,,,,,,,,,3487.1716,4.5287,-0.5324,0.7228,0.4777,0.6944,0.3992,0.2954,0.5324,MARCS,0.0
65232757863112192,true,true,true,166.22894625435396,-24.3174523943263,55.91274812352996,0.07205669,23.73464542725762,0.050685033,7.388158879058593,0.07691624,20.467241710492118,0.09745511,-45.16644419655399,0.06779065,-0.07609513,0.027500398,-0.18970051,0.065167405,-0.00979908,-0.020700017,-0.046305485,0.38070294,-0.08735959,-0.01815152,16.385273,18.250391,15.0841675,0.0013722448141025815,0.019672469696127275,0.003117589337727576,,,1.1453283,0.3102789,31,3.1662235,1.3011055,13.159,12.562,12.252,0.021,0.024,0.022,18.689,0.0078,17.3601,0.004,15.6807,0.0036,14.8879,0.0019,14.49,0.0039,,,,,,,,,,,,,,,,,3352.282,4.7924,0.1964,1.5238,0.9409,1.4621,0.8151,0.6471,0.4457,MARCS,0.0
51765595848971648,true,true,true,170.3096353516536,-23.727141888122397,59.29092419571437,0.06772316,21.60740677159657,0.041835018,7.206987481677237,0.07161286,18.315870271139914,0.10156749,-43.954755574556856,0.055417735,0.03067345,0.11663677,-0.09578788,-0.1605915,0.133273,-0.01481746,0.077923775,0.63063467,0.13005239,-0.14200045,16.671072,18.460726,15.392765,0.0012020701521090462,0.022659598231268955,0.00447299130379207,,,1.0814058,0.20774812,31,3.0679607,1.278307,13.535,12.895,12.633,0.026,0.03,0.026,18.8528,0.0153,17.5634,0.0057,15.9659,0.0055,15.1986,0.007,14.8443,0.0065,,,,,,,,,,,,,,,,,3287.628,4.8719,0.1019,1.11,0.6878,1.0658,0.5946,0.4711,0.3792,MARCS,0.0
67747615832673408,true,true,true,165.41839893308793,-25.69614462192286,54.31896492165065,0.06593933,23.184364977067364,0.0465345,7.99036369694287,0.07986953,22.168188360545816,0.0867453,-48.66331092667877,0.059272762,0.29977912,0.13296697,0.16549861,-0.3058648,0.0408412,-0.3413518,0.017913805,0.25398085,0.28034946,-0.07471995,16.504719,18.252691,15.242684,0.0012226327629853793,0.01242706264961704,0.0031051019704316086,,,0.99770606,0.09338416,31,3.010007,1.2620344,13.435,12.77,12.55,0.023,0.021,0.022,18.6124,0.0051,17.3494,0.0047,15.7923,0.0027,15.0704,0.0053,14.7202,0.0019,,,,,,,,,,,,,,,,,3288.3284,4.8944,0.0471,0.9918,0.6184,0.9516,0.533,0.4185,0.362,MARCS,0.0
68327402058399232,true,true,true,165.35454035696046,-23.479831219645394,55.86760937923613,0.049618497,24.891795944870776,0.03177633,7.397119658177524,0.050215777,20.93307748939296,0.07417443,-45.634432777707325,0.045496296,-0.0598213,-0.014326805,-0.11682753,-0.307864,0.0734587,-0.20698696,0.028527824,0.22707866,0.14341868,-0.11046321,15.965781,17.541262,14.746066,0.0010682006870750742,0.016938833432865626,0.0022985356583743273,,,1.0600492,0.1334465,31,2.7951956,1.2197151,13.004,12.388,12.155,0.022,0.029,0.023,17.8501,0.0099,16.6902,0.0029,15.2597,0.0037,14.5743,0.0067,14.2954,0.0085,,,,,,,,,,,,,,,,,3412.1726,4.8184,0.043,0.9709,0.6203,0.933,0.5278,0.4053,0.4311,MARCS,0.0
63592767549850112,true,true,true,168.0199891881739,-25.58516896567677,56.29127878438316,0.016399862,21.70437958429157,0.016318586,7.9483711943893125,0.022369606,20.887245426804718,0.0219333,-48.14377497155412,0.019263403,0.44522533,0.15910853,0.11143494,-0.13543831,0.0999568,-0.5880614,0.26212144,0.47300112,-0.14407778,-0.37061083,9.8515625,10.1398535,9.392272,0.0012935188872413824,0.004375043023836112,0.0031282651742481687,7.285138,0.29552448,1.0076236,0.09152792,31,0.7475815,0.4592905,8.902,8.694,8.586,0.02,0.026,0.02,11.2007,0.1488,10.2097,0.0357,,,9.4903,0.0807,10.3704,0.4138,,,,,,,,,,,,,,,,,5892.019,4.2837,-0.2964,0.0163,0.0138,0.0172,0.0098,0.0074,1.1098,MARCS,0.0
64917094946846848,true,true,true,167.70482941543642,-23.939245836174,57.274755692608174,0.051453087,23.105917656349703,0.03593273,7.430479853340606,0.055344395,18.89321440089389,0.06847556,-46.58328631284021,0.04578208,0.106103696,0.209562,-0.06530729,-0.16305837,0.1324688,-0.19848965,0.060470667,0.51008546,0.059115842,-0.16186553,16.074583,17.678179,14.841445,0.0011003880848359016,0.011793136627442673,0.002480956183901036,,,1.1603554,0.18803552,31,2.8367338,1.2331381,13.082,12.501,12.234,0.021,0.033,0.023,18.0991,0.0055,16.8012,0.0067,15.3573,0.002,14.6924,0.0027,14.3788,0.003,,,,,,,,,,,,,,,,,3323.2266,4.4566,-0.6162,1.0629,0.6762,1.0171,0.5769,0.4402,0.4605,MARCS,0.0
68508855836353536,true,true,true,164.07209815847273,-24.656101267806246,54.044060850494546,0.08961126,24.766465090166236,0.06285021,7.986263574373891,0.09872608,22.893949726152307,0.11274471,-49.47233265563488,0.07966567,0.18179971,0.13947743,0.14318766,-0.22223745,0.0743362,-0.005253182,0.05971371,0.22890875,0.24836272,0.12697364,17.16749,19.066471,15.868505,0.0014327491611461924,0.0459487409377698,0.004667625386101504,,,1.0026593,0.25008196,31,3.1979666,1.2989855,13.922,13.323,13.051,0.027,0.031,0.026,19.445,0.0146,18.1366,0.0067,16.458,0.0023,15.6451,0.0028,15.2547,0.0058,,,,,,,,,,,,,,,,,3178.122,4.9468,0.0475,1.0267,0.6246,0.983,0.5455,0.4374,0.3095,MARCS,0.0
66694455493470464,true,true,true,167.07881673952699,-22.021071374146203,58.24652162702127,0.017924013,24.9013424551909,0.010032649,7.295031761348758,0.017931039,20.668957748588877,0.021645527,-45.24839513108357,0.013349616,-9.884324E-4,-0.09780278,0.056224726,-0.2335174,-0.007873319,-0.23706484,0.05933208,0.5704854,0.111700185,-0.29743418,13.737393,14.644784,12.791295,0.0013699640004280643,0.005576216099768584,0.003383936872829546,6.9834447,3.1320503,0.9828631,0.0,31,1.8534889,0.9460983,11.6,10.888,10.707,0.021,0.028,0.02,15.0838,0.0088,13.9409,0.0015,13.317,,12.9041,0.001,12.7491,0.0042,,,,,,,,,,,,,,,,,3662.1868,4.3734,-0.772,0.0038,0.0027,0.0037,0.0022,0.0015,0.6787,PHOENIX,0.0
66531178017967872,true,true,true,166.85556259705402,-23.209774149234594,57.19179572682798,0.08145773,24.169978738090546,0.042934388,7.266633947167958,0.083195254,19.04569974764892,0.10180718,-45.24692745584717,0.057470348,-0.20303601,0.14129364,-0.5094974,-0.2749748,0.1874207,-0.24559195,-0.078283384,0.475942,0.24277146,-0.2398945,16.580677,18.256296,15.330612,0.0011409088613183083,0.018446654232431373,0.0033789435379222013,,,1.0282629,0.118980005,31,2.925684,1.2500648,13.524,12.899,12.666,0.024,0.022,0.027,18.6903,0.0067,17.392,0.0055,15.8841,0.0033,15.1732,0.0035,14.836,0.005,,,,,,,,,,,,,,,,,3313.5696,4.891,0.0117,0.9574,0.6017,0.9177,0.5165,0.4012,0.3649,MARCS,0.0
64346070453848320,true,true,true,167.4285240151098,-25.88706330598676,55.648584251294515,0.022465847,21.84143459747364,0.01674099,8.004982704066952,0.02381455,21.508466553453538,0.029200844,-49.78192432501014,0.021407109,0.031015512,0.015358181,0.16194645,-0.14195359,0.10697415,-0.15930302,0.08177289,0.18992387,0.1015731,0.030199261,14.71056,15.971141,13.59677,7.716957597336255E-4,0.0036761442745043564,0.0016688878194951308,-4.560173,9.452558,1.1243898,0.06639568,31,2.3743706,1.1137896,12.089,11.417,11.229,0.022,0.02,0.018,16.3194,0.0022,15.1173,0.0053,14.0303,0.0063,13.5526,0.0033,13.2938,0.0027,,,,,,,,,,,,,,,,,3554.335,4.5589,-0.5196,0.669,0.4481,0.643,0.3719,0.2711,0.5507,MARCS,0.0
63289920816208768,true,true,true,168.86340170069164,-26.005110318614737,56.5806826142567,0.02009466,20.879588727250898,0.013735637,7.33271113773573,0.021578562,20.261180552721815,0.026612338,-44.14982886757803,0.018591544,0.063167915,0.10583713,-0.0077847834,-0.2352509,-0.010584501,-0.049295012,-0.022925202,0.11980469,0.004596153,-0.0937239,11.310213,11.751647,10.709587,7.381357344427503E-4,0.0020420416901640436,0.0014562302809837907,8.332064,0.6449328,1.2028999,0.11862102,95,1.0420599,0.600626,9.995,9.609,9.519,0.02,0.018,0.018,12.001,,11.435,,11.18,,11.041,,10.984,,,,,,,,,,,,,,,,,,5466.601,4.5885,-0.0196,0.3448,0.2813,0.3557,0.2059,0.1499,0.8048,MARCS,0.0
67349764424286848,true,true,true,166.23086020881146,-21.51445248494557,57.989753122470326,0.052155804,25.808514833665072,0.0344399,7.9065653876327495,0.054756448,20.468619714294732,0.07272028,-48.884779704390716,0.04624572,-0.1068371,0.17105842,-0.011516301,-0.10262467,0.16789441,-0.14403884,-0.0151652675,0.6234041,0.03467491,-0.19085535,16.227058,17.926008,14.971893,0.0010373581464656713,0.0081917109516816,0.0027655379356398887,,,0.9931832,0.0,31,2.954115,1.2551651,13.164,12.602,12.302,0.022,0.021,0.023,18.2607,0.0144,17.0314,0.007,15.5325,0.0072,14.7839,0.0022,14.4497,0.0012,,,,,,,,,,,,,,,,,3319.915,4.856,0.0723,0.9824,0.6155,0.9443,0.529,0.4153,0.393,MARCS,0.0
53258732639653760,true,true,true,170.4443353250796,-22.920043863114675,59.9994668944861,0.08034841,22.09136400754777,0.048644662,6.665716491360589,0.08596472,17.258638809607298,0.11218412,-41.31362968982694,0.06326126,0.06847416,0.0803613,0.14225806,-0.25082675,0.053945456,-0.19007172,0.07075361,0.5501504,-0.0054370486,-0.26054242,16.949703,18.746758,15.667684,0.0010037542755246976,0.023024644629107412,0.003085351956736057,,,1.0731882,0.26541126,31,3.079074,1.2820196,13.773,13.192,12.912,0.028,0.028,0.026,19.1519,0.0267,17.8353,0.0056,16.239,0.0027,15.4737,0.0077,15.1012,0.0028,,,,,,,,,,,,,,,,,,,,,,,,,,,0.0
70403589251055232,true,true,true,165.44691836842745,-21.14764388947142,57.66551653056659,0.06285059,26.572152647659053,0.038987905,7.4260770760735255,0.076153435,20.43277827187154,0.0762051,-46.53089579671571,0.054485638,0.1643503,0.19555567,0.25946397,-0.085201755,0.046483565,-0.16387324,0.12325442,0.66115785,0.21681786,-0.3579644,16.577065,18.146162,15.191341,0.0010169192209040568,0.021664872150660135,0.014131844467131142,,,1.0436798,0.12317131,31,2.9548206,1.3857231,13.144,12.539,12.291,0.03,0.03,0.028,18.5442,0.0295,17.2418,0.0252,15.8311,0.0122,15.1454,0.0038,14.8328,0.0029,,,,,,,,,,,,,,,,,3325.831,4.8841,0.0198,0.9899,0.6228,0.949,0.5344,0.4145,0.3722,MARCS,0.0
68183125516472320,true,true,true,165.36681725781625,-24.53734128853264,55.11009789752388,0.04083545,24.089764462479078,0.026341263,6.7126248163488205,0.040986046,18.54911495497002,0.0556573,-42.00945556771128,0.03542456,0.12754564,0.0038659417,-0.16972226,-0.4488964,0.06759511,-0.1854653,0.07535991,0.1304545,0.3339961,-0.0035082968,15.516793,16.969069,14.3333845,0.0013814128046256192,0.008499356495283515,0.003118752328825151,5.549473,6.5899725,1.0801526,0.09699459,31,2.635684,1.1834087,12.618,11.943,11.685,0.023,0.034,0.023,17.3811,0.004,16.0744,0.0061,14.8349,0.0046,14.2218,0.0023,13.9236,0.003,,,,,,,,,,,,,,,,,3580.7512,4.7246,0.0783,1.1393,0.745,1.0932,0.6266,0.4666,0.5208,MARCS,0.0
63052048347383168,true,true,true,169.6289746988551,-27.17433144884033,56.257022996186365,0.018686064,19.55917548871466,0.01294453,7.392478723407379,0.022814885,20.768730353749167,0.023328843,-43.31698258802733,0.015300792,0.081980936,0.052969784,0.15505326,-0.29208833,-0.010416781,-0.37470374,-0.036483143,0.35937333,0.28211373,-0.31007367,9.302901,9.558643,8.880217,2.1325438796110252E-4,3.804642205052701E-4,2.642515397969384E-4,10.05385,0.85279405,1.1237687,0.09979024,31,0.67842674,0.42268467,8.404,8.225,8.152,0.021,0.031,0.021,9.562,,9.331,,9.26,,9.243,,9.236,,,,,,,,,,,,,,,,,,6239.024,4.095,-0.6116,0.0826,0.0713,0.0885,0.0498,0.0387,1.4242,MARCS,0.0
66441323003146112,true,true,true,167.70719524079362,-23.28397632668763,57.76373831664205,0.11552368,23.583228242863537,0.0629303,7.255212370705698,0.12233252,17.978631826672903,0.15400997,-44.82521311083765,0.08692829,0.09792561,0.055416543,0.25340778,-0.23903562,-0.030906783,-0.116606764,0.06761635,0.62782025,0.0764996,-0.29539683,17.535738,19.467857,16.22108,0.001203085424898826,0.03684491789014703,0.003978434163198769,,,1.0513706,0.28998455,31,3.2467766,1.3146572,14.255,13.665,13.4,0.031,0.034,0.037,19.8825,0.0184,18.5864,0.0072,16.8101,0.0037,16.0109,0.0029,15.6013,0.0022,,,,,,,,,,,,,,,,,3165.0947,4.9511,0.0569,1.1198,0.6776,1.0707,0.5936,0.4771,0.3052,MARCS,0.0
70175474946486784,true,true,true,164.076220570389,-23.263823283399557,55.04463153936919,0.076654434,25.824830637268388,0.060981527,7.083079593121529,0.08727159,18.865772908616623,0.09735536,-43.41389944645241,0.07873516,0.1575084,0.07126914,0.26840502,-0.057382792,0.11905544,-0.24859071,0.07441782,0.21996444,0.15268363,0.024066241,17.180622,18.992939,15.896719,0.0011150712829637302,0.03111925898265094,0.004732285267496548,,,1.0204391,0.22137968,31,3.09622,1.2839031,14.058,13.461,13.158,0.033,0.038,0.03,19.3761,0.0092,18.0955,0.005,16.4627,0.0019,15.7031,0.0025,15.3298,0.0025,,,,,,,,,,,,,,,,,3240.0942,4.9286,0.021,1.0872,0.6705,1.0397,0.5816,0.4579,0.3307,MARCS,0.0
66658996243552000,true,true,true,167.10021768253085,-22.485108569890375,57.913750384057074,0.014730463,24.548696125636305,0.009008988,7.479410227862506,0.014954205,21.2311257075505,0.01963291,-46.05927353044224,0.012135752,0.00736431,0.017308678,0.09437956,-0.14567187,0.040064156,-0.09893575,0.04758799,0.62062943,-0.03758112,-0.22379412,12.009029,12.538474,11.315678,0.0014861871771455005,0.005780003560046817,0.004357793126052384,5.488371,1.5487806,1.1484572,0.08615176,31,1.2227964,0.69335175,10.418,9.921,9.808,0.02,0.019,0.022,12.8209,0.0453,12.1374,0.1004,16.3859,0.006,11.4665,0.0207,11.465,0.0077,,,,,,,,,,,,,,,,,4827.036,4.5156,-0.6189,0.2766,0.2181,0.2806,0.1636,0.117,0.7667,MARCS,0.0
58259414601023744,true,true,true,166.85657874833942,-27.202791138802823,54.2953225979299,0.08291328,21.20261253435869,0.067942746,7.4466370369517705,0.09406903,21.389948908626973,0.10902173,-44.706537060160585,0.09140507,0.2788737,0.19182955,0.029888349,-0.03705598,-0.0856651,-0.27408114,-0.0722267,0.14634308,0.037700385,-0.018563364,17.220085,19.133448,15.93491,0.0018340223950140257,0.03415365776334714,0.0045761424374734915,,,1.0088705,0.0,31,3.1985378,1.2851753,13.983,13.474,13.137,0.029,0.031,0.031,19.4572,0.0104,18.1587,0.0062,16.5066,0.0038,15.7182,0.0017,15.3406,0.0029,,,,,,,,,,,,,,,,,3206.4739,4.9419,0.0264,1.0651,0.6522,1.0183,0.5679,0.4506,0.3161,MARCS,0.0
64796045587678208,true,true,true,167.4544642989303,-24.689269930203007,56.540045869260496,0.040987648,22.710208696532792,0.029611653,6.9037600052107395,0.04675031,18.734831812674877,0.052902505,-42.97917377907939,0.037813224,0.29315668,0.20395444,0.26842058,-0.19486685,0.025521303,-0.16626756,0.05647327,0.28503647,0.17279986,-0.105407625,15.822847,17.558304,14.573746,0.0012235034315555664,0.013739318902625508,0.001719900212867162,,,1.0199612,0.0,31,2.984558,1.2491016,12.779,12.149,11.903,0.022,0.024,0.023,17.9639,0.0098,16.6568,0.0049,15.1198,0.0016,14.4195,0.0031,14.0697,0.0024,,,,,,,,,,,,,,,,,3343.1592,4.2383,-0.4199,1.3239,0.835,1.2664,0.716,0.5513,0.6066,MARCS,0.0
63876402894075904,true,true,true,169.09626943871848,-23.679798136896594,58.470183837285894,0.015624461,22.41833148614529,0.010030374,7.449216493422733,0.016391812,19.46628363123858,0.019011863,-45.26295888165422,0.012543497,0.027870597,0.0853139,0.06004709,-0.19559178,0.08164382,-0.06937473,0.050732028,0.43194935,0.14345138,-0.11358493,11.673621,12.242834,10.948159,9.147056360413297E-4,0.003161485444236233,0.002189594610733429,-7.464788,7.6798844,1.1952622,0.11702843,31,1.2946749,0.72546196,10.113,9.554,9.406,0.02,0.022,0.018,12.824,,11.968,,11.585,,11.354,,11.229,,,,,,,,,,,,,,,,,,4827.3433,4.3948,-0.5868,0.457,0.3581,0.4621,0.2698,0.1924,0.957,MARCS,0.0
65244646332548352,true,true,true,166.23961326598786,-23.938471799750168,56.19731354525086,0.05249849,24.01033845340132,0.039883554,7.65386834667479,0.060252145,21.900339063891042,0.06462596,-46.777033740533184,0.05193993,0.2724104,0.14614101,0.32704437,-0.11124718,0.06825037,-0.21290801,0.09183289,0.23021828,0.097257085,-0.078347765,16.130625,17.692402,14.900802,0.0011845700989557698,0.022557734468025312,0.001993946974084636,,,1.1976473,0.22050424,31,2.7916002,1.2298231,13.199,12.617,12.334,0.026,0.034,0.019,18.1324,0.0091,16.8922,0.0037,15.4413,0.0026,14.7682,0.0045,14.4512,0.0016,,,,,,,,,,,,,,,,,3353.1765,4.7958,-0.1319,0.9234,0.587,0.8859,0.5008,0.3851,0.4019,MARCS,0.0
53255434104774272,true,true,true,170.51632658378614,-22.92917400330179,60.042971386536856,0.058339123,22.037939427137953,0.03489093,7.863533327239622,0.061543357,20.45827440183982,0.079857714,-48.995852495666874,0.044498686,0.039664056,0.044908572,0.097316995,-0.2516144,0.05018395,-0.15072238,0.069431335,0.5761197,0.009242484,-0.2667433,16.492777,18.247663,15.231114,9.750435545771167E-4,0.013716016446253632,0.0024349351906588685,,,1.0220808,0.102112815,31,3.016549,1.2616625,13.427,12.824,12.521,0.028,0.027,0.024,18.59,0.007,17.3497,0.0046,15.7874,0.0035,15.0592,0.0035,14.7067,0.0019,,,,,,,,,,,,,,,,,3309.6462,4.8842,0.0454,1.0463,0.6544,1.0033,0.5632,0.44,0.3715,MARCS,0.0
68170721650939264,true,true,true,165.4757221001274,-24.69437109341869,55.07859767517824,0.06125019,23.90637216703363,0.046779454,7.508409802864794,0.07595384,20.96857757122531,0.081231944,-46.637626167120075,0.055559576,0.2437912,0.08433996,0.11156234,-0.15647432,0.057595618,-0.3702619,-0.040177785,0.26816508,0.3553784,0.045935567,16.658615,18.35119,15.403993,0.0011064428544455627,0.012048514554846288,0.003842824105126814,,,0.8909109,0.0,31,2.947198,1.2546225,13.649,13.029,12.766,0.024,0.029,0.027,18.7471,0.0065,17.489,0.0055,15.9456,0.0018,15.2273,0.0028,14.8803,0.0029,,,,,,,,,,,,,,,,,3279.2786,4.9058,0.0282,0.9206,0.5745,0.8834,0.495,0.3883,0.352,MARCS,0.0
69829541100441600,true,true,true,165.36918571264727,-23.332455309362363,55.98635194866267,0.035050597,24.993324257800918,0.022468314,7.489878731778486,0.03582036,21.268953201729552,0.049868528,-45.12454657473461,0.031848103,-0.05582634,-0.05390045,-0.117379986,-0.13875198,0.0053539,0.010233282,0.007279888,0.25631395,-0.016540296,0.023955747,15.050903,16.38284,13.917029,9.520807457683686E-4,0.006030671163974906,0.0021037010885024297,-0.61391056,7.150177,1.0688877,0.08802463,31,2.4658098,1.1338739,12.391,11.727,11.511,0.026,0.03,0.02,16.7677,0.0058,15.5673,0.0016,14.3889,0.0055,13.8522,0.0038,13.6001,0.0059,,,,,,,,,,,,,,,,,3481.6548,4.4255,-0.7109,0.7486,0.496,0.7181,0.4141,0.304,0.5426,MARCS,0.0
68897842434107392,true,true,true,162.98705489596367,-25.799929500881305,52.40997572234209,0.012919753,24.510333895510175,0.010357129,6.878266257804431,0.014257395,21.06682471286649,0.015749054,-41.62646104512346,0.012771174,0.19079113,0.18335503,0.13377978,-0.1121554,0.25882235,-0.15975218,0.20670979,0.3225637,0.17978524,0.029780101,11.909498,12.415644,11.233913,0.003063150158173649,0.010645942553543718,0.007765251937882932,1.8540647,5.807146,0.9674165,0.067681275,31,1.1817303,0.6755848,10.318,9.856,9.698,0.026,0.03,0.018,13.314,,12.42,,11.946,,11.635,,11.5,,,,,,,,,,,,,,,,,,5384.639,4.539,-0.3601,0.6499,0.5239,0.6682,0.3862,0.2819,0.7648,MARCS,0.0
66431775295228288,true,true,true,167.7106861466193,-23.405459264597944,57.67568656986667,0.11553668,23.49238902121514,0.06784144,7.616449684837002,0.120770775,21.06591688176668,0.15928382,-45.9521760437176,0.09169897,0.07559333,0.037577238,0.15778185,-0.17992097,-0.04280535,-0.03933366,0.022605801,0.64840347,0.052404445,-0.221128,17.713388,19.749584,16.402296,0.0010699955251082304,0.05244095942741939,0.008971906824593284,,,0.96974486,0.0,31,3.3472881,1.3110924,14.425,13.814,13.543,0.031,0.039,0.038,20.0857,0.011,18.7498,0.0094,16.9882,0.0024,16.179,0.0031,15.7711,0.005,,,,,,,,,,,,,,,,,3164.0002,4.9869,-0.0632,1.2681,0.7671,1.2063,0.6727,0.5335,0.2709,MARCS,0.0
68624613795266432,true,true,true,164.094602258922,-23.899825289934622,54.60099903259686,0.07705915,25.330201254399686,0.05686258,7.1401376918502075,0.09051608,19.258512452782078,0.09881103,-44.08692682240532,0.07112865,0.08261859,0.04368879,0.22177783,-0.14678146,0.10099874,-0.28005448,0.058384694,0.24735276,0.24900252,-0.13660944,17.096783,19.019308,15.793688,0.001286526196730923,0.032615116344141326,0.0039889166847632985,,,0.95087904,0.0,31,3.2256203,1.3030949,13.807,13.275,12.918,0.031,0.036,0.031,19.4264,0.0132,18.0911,0.0043,16.3602,0.003,15.582,0.0033,15.1621,0.0043,,,,,,,,,,,,,,,,,3243.7803,4.8944,0.1112,1.345,0.8218,1.2865,0.7162,0.5702,0.3594,MARCS,0.0
66539252556578816,true,true,true,167.129784849347,-23.039904879610475,57.52114270787197,0.015601344,24.12375084194353,0.008982266,7.422949703786111,0.016218755,18.326223989836638,0.020270934,-46.97900933587258,0.012245346,0.19078662,0.11590613,0.0035150447,-0.25123817,0.017189642,-0.070709,0.081577584,0.5802113,0.07747172,-0.18947929,13.446994,14.276546,12.548794,0.0011196953879948988,0.004557691057667251,0.0029328391152231544,5.847096,3.8607862,1.0460765,0.0,31,1.7277517,0.89820004,11.366,10.715,10.56,0.021,0.018,0.018,14.6153,0.0098,13.4395,0.001,13.104,,12.765,,12.5258,0.0011,,,,,,,,,,,,,,,,,,,,,,,,,,,0.0
66522381924952704,true,true,true,166.85932186423577,-23.435018489829442,57.02772402473882,0.057082742,24.001720385327307,0.03903934,7.189384900282409,0.05957135,19.080368487026863,0.07990885,-44.48204907370185,0.051117804,-0.090180725,-0.01626162,0.026896607,-0.18055494,-0.008773313,-0.15387689,-0.076878406,0.26208287,0.1784208,0.05684644,16.501642,18.197205,15.2400465,0.0012841867898260358,0.024639133907935824,0.004448165520228963,,,1.0318178,0.13162048,31,2.957158,1.2615957,13.443,12.787,12.542,0.023,0.023,0.025,18.6209,0.0095,17.3269,0.0065,15.7824,0.0027,15.0397,0.0055,14.706,0.0017,,,,,,,,,,,,,,,,,3292.566,4.8701,0.1009,0.9122,0.5686,0.8785,0.4898,0.3888,0.3827,MARCS,0.0
66482868226100096,true,true,true,167.4742672424169,-23.006136901204155,57.800396950236845,0.018613072,23.93243025022529,0.011705275,7.523942582220989,0.019901518,19.626753173263534,0.02450403,-46.632699110412986,0.01573791,0.17408568,0.18593164,-0.09855383,-0.14594378,0.15205838,-0.05177195,0.1462741,0.66783696,0.12813845,-0.21560982,14.081378,15.105553,13.072544,0.0011491704381704632,0.005371401549343433,0.003280632771677559,-1.3614507,5.3303547,1.0512938,0.0,31,2.0330086,1.0088339,11.773,11.095,10.913,0.024,0.014,0.022,15.4785,0.0142,14.2562,0.0015,13.9654,0.0075,13.1168,0.0019,12.922,0.0032,,,,,,,,,,,,,,,,,3945.359,4.6536,0.0793,0.7123,0.4991,0.6858,0.4053,0.2805,0.6016,MARCS,0.0
63730309584280960,true,true,true,169.26788000867109,-24.570382408328445,57.92546926970108,0.022836015,21.668161426743545,0.013994775,7.153891740925318,0.024028093,19.07967877684022,0.02727383,-43.605687635708065,0.017951688,0.16993718,0.23078088,0.27756724,-0.17776456,0.1288157,0.063316494,0.12346062,0.6457307,0.1135328,-0.074986994,11.271783,11.710741,10.658591,6.760217561460762E-4,0.0017150725860003782,0.0011340619683600321,7.267347,0.36202735,1.5979543,0.17724684,95,1.0521498,0.6131916,9.903,9.568,9.452,0.022,0.022,0.018,11.685,,11.201,,10.991,,10.883,,10.845,,,,,,,,,,,,,,,,,,5418.322,4.4924,-0.1556,0.3463,0.2822,0.3575,0.2066,0.1509,0.8733,MARCS,0.0
65135176205557888,true,true,true,166.2441539419912,-24.5948601222351,55.722275885926074,0.05090438,23.518556750116925,0.036521375,7.764517612049255,0.059579995,21.313117784499422,0.06423478,-47.16556106923917,0.04548424,0.22635059,0.2088007,0.2962425,-0.08618097,0.048221055,-0.19319482,0.03900817,0.41442326,0.13824517,-0.11746624,16.075401,17.695559,14.843436,0.0010162647492920711,0.010756472701053944,0.0032957546087255284,,,1.041539,0.0,31,2.8521223,1.2319651,13.106,12.491,12.263,0.023,0.027,0.026,18.027,0.0043,16.8158,0.0038,15.379,0.0028,14.697,0.0023,14.3857,0.0036,,,,,,,,,,,,,,,,,3379.3591,4.8458,0.0398,0.9786,0.6215,0.9398,0.5305,0.4093,0.4064,MARCS,0.0
53227396558316416,true,true,true,170.56707935240004,-23.21231841441057,59.86223074756723,0.068450056,21.805050892323692,0.04683936,7.9215753621799845,0.08775519,18.949542641271112,0.08046081,-47.73655250945097,0.061903384,0.33584437,-0.027347473,0.4345039,-0.13398086,-0.082443215,-0.44536847,0.2906066,0.7140102,-0.13505535,-0.51628137,16.787525,18.772161,15.477419,9.823071538760443E-4,0.022240437601711963,0.0033931296631435587,,,0.9906438,0.0,31,3.2947426,1.3101063,13.544,12.953,12.624,0.026,0.027,0.023,19.0899,0.0082,17.7846,0.0054,16.0682,0.0019,15.2657,0.0027,14.8635,0.003,,,,,,,,,,,,,,,,,3276.1997,4.8681,0.1222,1.5036,0.9206,1.4367,0.8016,0.6349,0.3801,MARCS,0.0
68145776480904064,true,true,true,165.48036688740598,-24.874963083669464,54.952174940142214,0.083614,23.76759558130002,0.06220493,7.635748886055412,0.099518575,20.92556520785738,0.101411164,-46.90572433483162,0.07333195,0.17909004,-0.03059837,0.3061604,-0.13947867,0.05865958,-0.36211464,0.015629588,0.21411885,0.26486167,-0.054194108,17.255363,19.178942,15.95155,0.0013554604986469065,0.055489664631676136,0.004934241986918076,,,0.9942107,0.02749907,31,3.2273922,1.3038139,14.038,13.435,13.131,0.028,0.029,0.03,19.5194,0.0213,18.2761,0.0069,16.5536,0.0029,15.7268,0.0014,15.3351,0.0031,,,,,,,,,,,,,,,,,3181.9417,4.9382,0.0699,1.1606,0.7039,1.11,0.6159,0.4942,0.3172,MARCS,0.0
67756789882795008,true,true,true,165.40288378799357,-25.44660316775398,54.48519642738677,0.046444707,23.382232166025776,0.03339458,7.531107380234092,0.050791312,21.58557800289394,0.058898672,-46.1474746940989,0.043686394,0.2144028,0.15279835,-0.009217991,-0.29025736,-0.01922576,-0.21584655,-0.04904512,0.05225254,0.21296637,0.0865311,15.859415,17.421396,14.645842,9.466398518830129E-4,0.007825887731240187,0.0022838852647933685,,,1.1183434,0.15867968,31,2.7755547,1.2135735,12.976,12.341,12.068,0.025,0.023,0.022,17.7865,0.0039,16.5535,0.0054,15.1685,0.0032,14.5155,0.0017,14.1992,0.0024,,,,,,,,,,,,,,,,,3375.4802,4.625,-0.4087,0.9838,0.6307,0.9428,0.5358,0.407,0.45,MARCS,0.0
69250235911393408,true,true,true,163.58021367460736,-24.88105433419412,53.50763487451828,0.0195305,24.88070575164937,0.013006069,7.156091026598196,0.021502381,21.298905914146786,0.024460707,-44.65588757463758,0.016093811,0.10281567,0.06512591,0.26091167,-0.2801748,0.24858578,0.0023007148,0.19163944,0.19807369,0.3632584,0.16099267,10.720195,11.085978,10.186197,0.0011144423979577267,0.003795153051970211,0.0029292103136712884,3.78365,0.4357227,1.2662133,0.099253245,31,0.8997803,0.53399754,9.582,9.269,9.178,0.022,0.022,0.018,11.151,,10.732,,10.578,,10.517,,10.496,,,,,,,,,,,,,,,,,,5704.9404,4.4306,-0.1298,0.1894,0.1579,0.1981,0.1135,0.0846,0.9449,MARCS,0.0
66470567439742208,true,true,true,167.71667232125375,-22.873083097973225,58.07804391540805,0.08972766,23.87669033680424,0.054677475,7.524097803760037,0.096038185,18.479408209856437,0.10962397,-45.773577704994594,0.07201011,0.13952367,0.08473134,0.19000356,-0.19857964,0.09670941,-0.108703054,0.16265967,0.56015116,0.19272672,-0.19850574,17.230505,19.122137,15.938574,0.0011852361354880978,0.037935575234443616,0.0029847024696883205,,,1.0682292,0.2756204,31,3.1835632,1.2919312,14.005,13.467,13.143,0.024,0.035,0.028,19.4486,0.0143,18.1556,0.0076,16.5175,0.003,15.7411,0.0065,15.3706,0.003,,,,,,,,,,,,,,,,,3214.4578,4.9507,-0.0278,1.1255,0.6908,1.0741,0.601,0.4731,0.3064,MARCS,0.0
68616779774936064,true,true,true,164.14857770581648,-24.03889277431994,54.54287511580009,0.13021451,25.192327542660358,0.098927,6.736415344704626,0.16481513,18.87003552564,0.16683567,-43.00822540983453,0.115905076,0.17323522,0.037366707,0.2742494,-0.076590545,0.13100137,-0.38721123,0.019722817,0.3658358,0.31457436,-0.11278377,17.88009,19.845585,16.559826,0.001451500757789831,0.03930604377105932,0.005538760048607079,,,1.034421,0.47988218,95,3.285759,1.3202648,14.576,13.985,13.606,0.033,0.039,0.037,20.2266,0.0184,18.9309,0.0091,17.1429,0.0031,16.3412,0.0027,15.9411,0.0036,,,,,,,,,,,,,,,,,3167.7249,4.9728,-0.0294,1.3349,0.8065,1.2695,0.7077,0.5615,0.283,MARCS,0.0
64990586130069504,true,true,true,167.16576843847363,-23.90209671703113,56.9084671444444,0.014703658,23.46784903102607,0.0113037145,7.272149432844637,0.016218245,21.22160226198077,0.018200055,-44.86687402523243,0.014294092,0.27311593,0.14308256,0.14966401,-0.28283036,0.07237933,-0.30329463,0.121634044,0.16935062,-0.041745983,-0.11915873,13.113663,13.854302,12.268779,0.0014153478894201965,0.005880699296983206,0.004076480243727948,5.6911955,2.2895463,1.1117022,0.04192405,31,1.5855236,0.8448839,11.192,10.567,10.41,0.024,0.027,0.018,14.1552,0.0039,13.005,,12.64,,12.437,,12.3055,0.0037,,,,,,,,,,,,,,,,,,,,,,,,,,,0.0
64840541448791424,true,true,true,166.8638305523408,-25.07436810378717,55.829295125583606,0.06828982,22.78609278822735,0.0512721,7.563829913298237,0.07538171,20.644452369350773,0.09665626,-46.401402692649455,0.06615741,0.0014402578,0.043449253,0.08461742,-0.04017118,0.0035750296,-0.18010934,0.026478445,0.31086418,-0.22946583,-0.055697754,16.816063,18.597298,15.524349,0.0018031013406931383,0.045949168408417736,0.005196749484226702,,,1.0582237,0.11200848,31,3.0729485,1.2917137,13.633,13.045,12.762,0.022,0.024,0.023,19.0335,0.0116,17.7266,0.0045,16.099,0.0026,15.328,0.0069,14.9401,0.0014,,,,,,,,,,,,,,,,,3222.9395,4.9058,0.109,0.9535,0.5852,0.9169,0.5084,0.4085,0.3487,MARCS,0.0
64757425241820800,true,true,true,167.48580510997735,-25.281955821282093,56.12937625817235,0.04373055,22.25403305470104,0.03241586,6.88545771448969,0.04956211,18.885391926771806,0.05707626,-42.64337488462004,0.041062683,0.37644693,0.28550696,-0.14436983,-0.28998625,0.11203572,-0.3741935,0.15891993,0.46324334,-0.01662493,-0.32508016,15.495378,16.950798,14.315059,0.001238562743482677,0.005916569328322694,0.0034216829595276796,-10.781087,8.958195,0.9226784,0.0,31,2.6357393,1.1803188,12.643,11.975,11.758,0.021,0.023,0.022,17.3827,0.0062,16.0401,0.0032,14.7976,0.004,14.222,0.0038,13.9366,0.0023,,,,,,,,,,,,,,,,,3484.5403,4.5296,-0.5137,1.0799,0.7062,1.0327,0.5941,0.4386,0.5351,MARCS,0.0
66792999222948992,true,true,true,166.2484150987236,-23.034814324532586,56.868516896867085,0.057971586,24.675696492327,0.04528803,7.372727624081626,0.067076884,19.22354218151959,0.0721297,-47.19616446940896,0.056612805,0.115318686,0.099134475,0.10782154,-0.092657596,0.104437605,-0.31699842,0.06244316,0.26008672,0.14530921,-0.14154527,16.739185,18.45224,15.48984,0.0010729713704992344,0.03204402339445653,0.003312317461144482,,,1.0551442,0.17948271,31,2.9624004,1.2493458,13.748,13.118,12.881,0.028,0.025,0.031,18.7844,0.01,17.5452,0.0066,16.023,0.0042,15.3263,0.0033,14.9821,0.0037,,,,,,,,,,,,,,,,,3325.59,4.9184,-0.0894,1.1145,0.7014,1.0645,0.6022,0.4624,0.3416,MARCS,0.0
53251517094713728,true,true,true,170.58942760818397,-22.66384150782655,60.29744591699833,0.102971315,22.177070954011388,0.0593229,8.064714251080783,0.10375451,21.02551892967163,0.143708,-49.5476036522266,0.07581796,0.011686819,-0.04397365,-0.014568652,-0.32695046,0.063874006,-0.1843804,0.12676865,0.67918956,0.09521986,-0.3401428,17.26991,19.181076,15.984422,0.001069149061220528,0.04328441812323497,0.0054257673365528305,,,1.0223686,0.124769315,31,3.1966543,1.2854891,14.057,13.474,13.125,0.03,0.033,0.032,19.4915,0.0136,18.2281,0.0058,16.5452,0.0063,15.7771,0.0023,15.398,0.0068,,,,,,,,,,,,,,,,,3208.439,4.9675,-0.0684,1.1816,0.7238,1.126,0.6304,0.4956,0.2911,MARCS,0.0
67736070960579072,true,true,true,165.48571850381208,-25.64597250013537,54.40459134186731,0.0837656,23.182603561563457,0.051845413,6.921899154979081,0.09305618,19.37972594450255,0.10257733,-42.141886994150795,0.062148903,0.1130372,-0.0827656,0.24830411,-0.41552413,0.09304443,-0.40004978,-0.021439057,0.010956863,0.28439593,0.09260331,16.76218,18.480066,15.497606,0.0016559990179450981,0.02044422359291577,0.00456275436558938,,,1.0305912,0.0,31,2.98246,1.264574,13.666,13.061,12.81,0.025,0.021,0.023,18.94,0.0101,17.6586,0.0075,16.0717,0.0058,15.3047,0.0028,14.949,0.0027,,,,,,,,,,,,,,,,,3276.4695,4.8845,0.0884,0.9752,0.6054,0.9374,0.5228,0.4147,0.3693,MARCS,0.0
68323966084583680,true,true,true,165.41023885044774,-23.629576857595634,55.800589547384604,0.039216507,24.745746758247314,0.028491508,7.278881418037203,0.04321329,19.59711686499867,0.05361414,-46.91534249809131,0.03816795,0.24783838,0.15054706,0.04699488,-0.24403068,-0.024598321,-0.21280257,0.007377425,0.2651526,0.11227199,-0.14115494,15.649356,17.35604,14.392746,9.098910025562678E-4,0.01002182068447398,0.002525394504657325,,,1.1202147,0.17174694,31,2.963293,1.2566099,12.54,11.931,11.674,0.023,0.027,0.023,17.74,0.0103,16.4907,0.0041,14.9382,0.0054,14.2289,0.0015,13.8709,0.0037,,,,,,,,,,,,,,,,,3325.9424,4.3555,-0.3862,1.2498,0.7861,1.1975,0.6747,0.5227,0.5987,MARCS,0.0
70190249631846272,true,true,true,163.92327189425603,-22.95458610167839,55.14953166686341,0.014889678,26.15121397017799,0.012038772,6.6119204664918065,0.018604862,18.336844578361283,0.018251417,-40.73457508683807,0.014017838,0.23078415,0.0611525,0.2947221,0.035280865,0.086214945,-0.41105676,0.028552968,0.39376903,0.22338869,-0.0811021,10.966018,11.33285,10.425301,8.017480689180235E-4,0.002422309032484631,0.0016311260245390187,3.9786422,0.71283877,0.8262036,0.08400079,31,0.90754986,0.5407171,9.801,9.469,9.395,0.022,0.028,0.022,11.505,,11.05,,10.859,,10.769,,10.736,,,,,,,,,,,,,,,,,,5733.7637,4.493,-0.0498,0.2369,0.1972,0.2476,0.142,0.1056,0.913,MARCS,0.0
64927368508592512,true,true,true,167.7374587395105,-23.639608130831945,57.52090986726331,0.09731402,23.304637841703407,0.06648808,7.370344183553121,0.11851368,19.019871912126003,0.12838885,-46.8526775047032,0.09045688,0.12160269,0.18558405,0.22171582,-0.03302608,0.011151182,-0.2650817,0.012609108,0.667224,0.20172781,-0.36839983,17.534443,19.451115,16.23496,0.0012751454028007542,0.037839442963041744,0.005042699530221385,,,0.99089795,0.10929215,31,3.216154,1.2994823,14.287,13.667,13.415,0.028,0.035,0.036,19.8248,0.0195,18.5284,0.0042,16.8105,0.0026,16.0217,0.0022,15.6367,0.0042,,,,,,,,,,,,,,,,,3168.9268,4.9712,-0.0262,0.9988,0.608,0.9543,0.5311,0.4234,0.2847,MARCS,0.0
70165476262750976,true,true,true,164.15256477377457,-23.174961795173516,55.168079441605656,0.045143113,25.846594275332414,0.03267224,7.256145998522227,0.049516518,20.865652578504715,0.052784935,-45.70745967540279,0.04256391,0.19580336,-0.084761456,0.33120131,-0.13535064,0.07453652,-0.2926934,0.1594442,0.2796272,0.019254569,-0.08766952,16.019033,17.62436,14.792358,0.001326111669153347,0.0087257027968159,0.0029735490144175893,,,1.014686,0.04930974,31,2.8320007,1.226675,13.086,12.448,12.208,0.022,0.031,0.023,18.0236,0.003,16.7718,0.005,15.3218,0.0031,14.658,0.0017,14.3352,0.0039,,,,,,,,,,,,,,,,,3362.4248,4.6377,-0.3575,1.0408,0.6636,0.997,0.5655,0.4316,0.4479,MARCS,0.0
66533170882790784,true,true,true,166.88127113086347,-23.092873197386613,57.2976457525844,0.069768906,24.240006059135766,0.04337779,7.18561969642408,0.074049294,19.355334746538567,0.087651394,-45.80423043004015,0.05440301,0.048397515,0.16691124,0.00587342,-0.1610499,0.04885185,0.04707292,-0.020188624,0.54741657,0.18040743,0.007785855,16.850975,18.581367,15.576973,0.0010525715591713969,0.019792397222652972,0.0034390074458871935,,,1.0136846,0.1342363,31,3.0043945,1.2740021,13.762,13.129,12.902,0.023,0.033,0.029,18.983,0.0148,17.6922,0.0061,16.1356,0.0027,15.3877,0.0033,15.0401,0.0045,,,,,,,,,,,,,,,,,3273.9702,4.9019,0.043,1.0268,0.6381,0.9843,0.551,0.4333,0.3542,MARCS,0.0
64916751349465856,true,true,true,167.690264807372,-23.96788963785698,57.24294597152945,0.031981923,23.09402124719942,0.020449206,7.38945455734106,0.033159323,20.627002035060737,0.040310703,-46.77767940688765,0.026018068,0.17164542,0.11214104,-0.02065887,-0.26965114,0.065710895,-0.207735,0.09757896,0.46787104,0.041819084,-0.17509891,15.26213,16.628113,14.110522,8.776978089717684E-4,0.0053040039268431,0.002364849295071633,,,1.0955359,0.030982388,31,2.5175905,1.1516075,12.502,11.899,11.665,0.02,0.027,0.02,17.034,8.0E-4,15.7956,0.0026,14.5735,0.0028,14.0475,0.0027,13.7767,0.0021,,,,,,,,,,,,,,,,,3563.0132,4.7323,-0.0848,0.853,0.5642,0.8191,0.4716,0.3475,0.4918,MARCS,0.0
51742471745296768,true,true,true,169.98751658324167,-24.323112569521154,58.61605936196911,0.01995115,21.389535691244504,0.012447641,7.489318997319018,0.021770384,19.086394973299612,0.027763434,-47.242977939221646,0.017469576,0.08509286,0.031301383,0.23667744,-0.17408915,-0.011572541,-0.1070738,0.08378897,0.5549177,0.063387744,-0.27443004,10.7659445,11.139266,10.224359,8.323451602757689E-4,0.0028774994944116804,0.0019228250104006538,7.8481593,0.40216258,1.4724106,0.12355506,31,0.91490746,0.5415859,9.601,9.255,9.183,0.021,0.022,0.018,11.2579,0.0033,10.6455,0.1115,,,13.0085,0.0012,10.8085,0.0031,,,,,,,,,,,,,,,,,5737.183,4.5423,0.0319,0.2483,0.2065,0.2592,0.1489,0.1103,0.889,MARCS,0.0
53206780715340032,true,true,true,170.60419398653562,-23.447887863869422,59.70862006322246,0.116975434,21.6145597316618,0.0791001,7.74822673052276,0.1281942,18.773077550327567,0.1483613,-46.134750057254365,0.099960335,0.14661928,0.18873097,0.07722107,-0.14788318,0.13041887,-0.16989112,0.115994036,0.6600417,-0.031924136,-0.264093,17.698153,20.094475,16.28843,0.0013480556727941456,0.06449546712537067,0.005128161944129308,,,1.0660092,0.40117723,31,3.8060455,1.4097233,14.121,13.553,13.187,0.026,0.033,0.031,20.4054,0.0153,19.0349,0.0132,16.9775,0.0042,16.0236,0.0047,15.5492,0.0029,,,,,,,,,,,,,,,,,3078.9346,4.891,0.3822,1.4174,0.8285,1.3637,0.7372,0.6265,0.3497,MARCS,0.0
68145707761492608,true,true,true,165.48955308580906,-24.87192593560378,54.96121741847009,0.12708797,23.76440270472398,0.0918931,7.109772113525601,0.15251774,20.354035697092193,0.15866601,-43.554027997180306,0.11649869,0.36899573,0.040311888,0.3393924,-0.21450168,-0.1089751,-0.371535,-0.07892145,0.15537839,0.22361855,-0.06788103,17.778164,19.760536,16.452433,0.0013774243028994446,0.059548547636859135,0.009487965356074176,,,1.0817424,0.38434392,31,3.3081036,1.3257313,14.475,13.827,13.502,0.03,0.029,0.039,20.2076,0.0197,18.8648,0.008,17.0627,0.0039,16.2212,0.0023,15.8011,0.0053,,,,,,,,,,,,,,,,,3134.8433,4.959,0.0627,1.1591,0.6958,1.1074,0.6121,0.4954,0.2945,MARCS,0.0
69863454162150656,true,true,true,165.42087440890944,-22.929662756893563,56.32088462821245,0.03094882,25.263083122576166,0.021065712,7.324419380236703,0.03601355,19.925733136652973,0.034718927,-43.96283417147319,0.025325984,0.10350603,0.018840754,0.42700553,-0.11872645,-8.524729E-4,-0.24369787,-0.04970315,0.087119736,0.24255055,-0.04148042,14.92041,16.426243,13.726994,9.762005379395468E-4,0.005687733834873626,0.001393666144859378,3.3165667,7.367267,1.1241428,0.079787806,31,2.6992493,1.1934166,12.027,11.421,11.179,0.026,0.032,0.02,16.8313,0.0034,15.5729,0.0028,14.2305,0.0026,13.6179,0.003,13.3084,0.005,,,,,,,,,,,,,,,,,3460.4387,4.4024,-0.3934,1.068,0.6925,1.0246,0.5848,0.4398,0.6656,MARCS,0.0
70286319462343808,true,true,true,164.46205722237363,-21.944408930170518,56.30808797509741,0.016795063,26.588214023487527,0.011524901,7.111385113944721,0.01876855,19.296844078877236,0.02035632,-44.3324120623329,0.015402766,0.30098566,-0.09480272,0.3429769,-0.2762121,-8.494766E-4,-0.40408447,0.110824734,0.15648277,0.007892327,-0.076486915,11.747271,12.222333,11.110926,0.0011345457619016124,0.004037785239029061,0.003632412400227172,3.9595683,1.551,1.0937083,0.07960145,95,1.1114073,0.6363449,10.389,9.925,9.805,0.027,0.032,0.02,12.3542,0.0041,12.5679,0.0031,11.5816,0.0075,11.429,0.0039,11.3901,0.001,,,,,,,,,,,,,,,,,5121.4565,4.552,-0.0961,0.2465,0.1977,0.2516,0.1467,0.1049,0.7648,MARCS,0.0
66429232674604544,true,true,true,167.75014764817152,-23.526883722894677,57.61403231496382,0.062355515,23.379012559358603,0.037393685,7.228956227453397,0.06927697,19.83778070687911,0.07689064,-44.85419874781838,0.051321827,0.13424191,0.040514592,0.39320263,-0.07336166,-0.09689889,-0.1700025,0.042651772,0.654624,0.07903908,-0.2984896,16.541801,18.27351,15.270677,0.0013521600518225903,0.019485212720606212,0.0031342098418046167,,,1.0384145,0.11182399,31,3.0028334,1.2711248,13.41,12.81,12.52,0.024,0.027,0.026,18.6987,0.0224,17.3626,0.0056,15.863,0.004,15.0713,0.0027,14.7183,0.0023,,,,,,,,,,,,,,,,,3288.4475,4.8641,0.1351,0.9802,0.6084,0.9445,0.5252,0.4192,0.3861,MARCS,0.0
68660554081641472,true,true,true,164.16962921434688,-23.391143635756922,55.0249543783144,0.069538675,25.672340069931327,0.05376491,7.346215279595457,0.0747317,20.99054493754399,0.09588543,-45.58165874546525,0.07363161,0.06409929,0.006614793,0.115990505,0.016563652,-0.0026588691,-0.11387159,0.024475377,0.31729662,-0.129931,0.006326334,16.92848,18.734554,15.657799,0.0012506256554764054,0.031297260436232294,0.0035716411764273636,,,1.0583377,0.1829148,31,3.0767555,1.2706814,13.801,13.186,12.923,0.026,0.038,0.029,19.1029,0.0122,17.7662,0.004,16.2031,0.0026,15.4638,0.0014,15.1102,0.0022,,,,,,,,,,,,,,,,,3276.403,4.9171,-0.04,1.1752,0.7304,1.1217,0.6312,0.4904,0.3356,MARCS,0.0
64856312568645248,true,true,true,167.23935574545104,-24.500651836204018,56.52195568292751,0.0155346375,22.981419243413214,0.012257924,7.602128024288136,0.018777581,20.514283661276494,0.020303842,-47.91048805067051,0.014524859,0.22583258,0.21388476,0.005757776,-0.17954427,0.047544774,-0.37362322,-0.04963796,0.2765173,0.26783305,-0.061434,13.413954,14.269874,12.5023365,8.472311014481848E-4,0.0031231160118680014,0.0025757656402697177,7.053675,2.302344,1.0812526,0.031707175,31,1.7675371,0.9116173,11.33,10.654,10.5,0.02,0.021,0.018,14.6449,0.0056,13.5114,0.001,13.036,,12.718,,12.4906,0.0022,,,,,,,,,,,,,,,,,4201.838,4.6478,0.0846,0.5847,0.4251,0.5666,0.3384,0.2282,0.6426,MARCS,0.0
65008010814357248,true,true,true,166.88248914524627,-23.92945605508069,56.68002306054683,0.091866136,23.62260295725321,0.07060252,7.331377767684079,0.10076093,19.032958763484334,0.11078766,-44.73395614195889,0.08754032,0.33269197,0.19337064,0.2384582,-0.13506909,0.1452563,-0.18939357,0.16759694,0.3446593,0.066008605,0.02320002,17.381496,19.213495,16.073286,0.00123625722726837,0.047294690379189167,0.004437937663259003,,,1.0776341,0.27084476,31,3.1402092,1.3082104,14.069,13.391,13.11,0.026,0.027,0.033,19.8401,0.0092,18.366,0.0106,16.6673,0.0027,15.8613,0.0042,15.4476,0.0032,,,,,,,,,,,,,,,,,3238.0688,4.9292,0.0244,1.5068,0.9203,1.4324,0.8032,0.6293,0.3298,MARCS,0.0
63436396380626688,true,true,true,167.69906760935245,-26.849489409440885,55.14725093305028,0.022657681,20.965557633826194,0.017451499,7.589501273110353,0.025133824,21.391571909544552,0.032165777,-45.20769139946536,0.022734314,0.0682984,0.088709876,0.097191155,-0.06436976,0.0084353695,-0.24860261,0.0056063766,0.25976953,-0.039613534,-0.03962415,14.841508,16.148449,13.706804,0.0014755813981725473,0.009301576906439943,0.004576049189147796,27.172289,10.666672,1.0194958,0.0,31,2.4416447,1.1347036,12.185,11.519,11.295,0.022,0.023,0.022,16.5854,0.0045,15.3065,0.008,14.1843,0.0027,13.6587,0.0012,13.4093,0.0022,,,,,,,,,,,,,,,,,3702.1318,4.6982,0.0747,1.0318,0.691,0.9897,0.5743,0.4154,0.5553,MARCS,0.0
51674920499533184,true,true,true,170.4211695483067,-24.369626944069722,58.88317904683376,0.015820034,21.07926915812317,0.0099411635,8.14863153528414,0.017213294,21.713821129795985,0.0191153,-50.51456651149673,0.012336316,0.043155096,0.042029534,0.2743362,-0.11751771,-0.0065297596,-0.14625983,7.4055884E-4,0.4552906,0.15776981,-0.14548296,10.8812,11.284502,10.312317,9.966020319183144E-4,0.0034164678926149467,0.0024671050142313885,7.2563906,0.32118604,1.2542509,0.10546533,31,0.97218513,0.56888294,9.624,9.281,9.174,0.024,0.022,0.018,11.1203,0.0438,11.1359,0.0786,10.8511,0.0915,15.431,0.0038,10.972,0.001,,,,,,,,,,,,,,,,,5509.685,4.5149,-0.1511,0.1533,0.1255,0.1584,0.0917,0.0667,0.836,PHOENIX,0.0
65047043476608128,true,true,true,166.25207561783313,-25.103391456553133,55.35990236479837,0.064637594,23.13393922944862,0.04647428,7.176704369385575,0.071571276,20.522150608680292,0.09263641,-43.97400437766897,0.058491357,-0.10550199,0.014880032,-0.07537963,0.18240628,-0.10096479,-0.13606128,-0.07878603,0.38737375,-0.30911145,0.057695393,16.736732,18.59807,15.452512,0.0015810062896607152,0.027245155724153466,0.0035876266695599643,,,0.9838054,0.0,31,3.1455584,1.2842207,13.586,12.926,12.622,0.021,0.026,0.022,18.9788,0.016,17.6228,0.0106,16.0078,0.0025,15.2732,0.0026,14.8919,0.0022,,,,,,,,,,,,,,,,,3318.756,4.8176,-0.0611,1.4774,0.9192,1.4063,0.7944,0.6121,0.3924,MARCS,0.0
53212205256173824,true,true,true,170.68189044952075,-23.304237743775282,59.872244943099595,0.11421434,21.66544844649711,0.07598685,7.165017013439219,0.12637374,17.959933088371038,0.13923633,-43.03456135624895,0.09497389,0.18993714,0.031000327,0.22181872,-0.12474114,0.023322798,-0.28749686,0.14453076,0.5992775,0.01252356,-0.2747566,17.86347,19.8362,16.542946,0.0011730151844551524,0.05665804531397505,0.00567879013151209,,,1.0496817,0.17048475,31,3.2932549,1.3205242,14.551,13.937,13.614,0.031,0.036,0.039,20.2922,0.0172,18.9717,0.008,17.1444,0.0027,16.3023,0.0037,15.882,0.0035,,,,,,,,,,,,,,,,,3129.0781,4.9653,0.058,1.2212,0.7313,1.1655,0.6443,0.5212,0.2891,MARCS,0.0
69834282744302208,true,true,true,165.50367494247058,-23.095338779368983,56.262098904649356,0.06775152,25.088651762657655,0.049751543,7.392752847218599,0.078041255,20.68709891680141,0.08032427,-45.78757340549822,0.059337232,0.16018105,0.10768987,0.24634568,-0.063095905,0.014614633,-0.21576795,-0.042759657,0.2721945,0.22577016,0.02017801,16.973806,18.847755,15.675518,0.001620022225328904,0.03041588285409614,0.004211022128369295,,,0.87161964,0.0,31,3.1722374,1.2982883,13.743,13.161,12.851,0.024,0.04,0.022,19.1561,0.0194,17.8975,0.0103,16.2454,0.0053,15.4589,0.0043,15.0761,0.0041,,,,,,,,,,,,,,,,,3217.12,4.9067,0.1172,1.081,0.6606,1.0379,0.5753,0.4626,0.3478,MARCS,0.0
68314414077327744,true,true,true,165.47858529102052,-23.695036917102072,55.80453808024451,0.02719658,24.655242876769755,0.020911645,7.217567238529469,0.032048956,20.551216953824404,0.03465985,-43.95459477600215,0.025788315,0.29289272,0.2557042,0.16436829,-0.13298178,0.11595213,-0.25042188,0.08300538,0.41258276,0.20523407,-0.10220226,14.889832,16.194736,13.762322,7.064866598460752E-4,0.004729071291191575,0.0012538234563256715,36.80986,7.7978625,1.0124867,0.0,31,2.432414,1.1275091,12.178,11.536,11.28,0.023,0.03,0.021,16.6356,0.0044,15.3508,0.0062,14.2305,0.007,13.7055,0.0048,13.4478,0.0028,,,,,,,,,,,,,,,,,3580.1262,4.5098,-0.5405,0.9425,0.6295,0.9025,0.5239,0.3787,0.5964,MARCS,0.0
70252681278085376,true,true,true,164.46776492647737,-22.281783411909327,56.064126288551066,0.015624191,26.331020873579526,0.011925271,7.252740248540545,0.018496506,20.03882786956428,0.018502748,-44.72280594741012,0.014305511,0.16917564,0.021558017,0.23728278,-0.1272779,0.15600231,-0.41476908,0.17154929,0.3092012,0.0073725344,-0.10914269,10.86981,11.24702,10.3244095,8.0009611048574E-4,0.002553569154195903,0.001852823701912259,4.747485,0.5147817,1.0061343,0.078434676,31,0.9226103,0.5454006,9.705,9.31,9.269,0.024,0.028,0.022,12.1188,,10.8542,0.0207,10.4554,0.0016,10.6523,0.0758,10.62,0.001,,,,,,,,,,,,,,,,,5699.6904,4.5426,0.0345,0.239,0.1984,0.2492,0.1433,0.1059,0.8827,MARCS,0.0
66473728535654784,true,true,true,167.77325085476525,-22.78636160923202,58.18460820130285,0.13245957,23.904011569483767,0.09004279,7.465864814559664,0.1457759,17.715811296632815,0.15758206,-44.78734856986105,0.1148875,0.17278694,0.079953976,0.20247258,-0.098745115,0.05650526,-0.23167798,0.1345669,0.5703942,0.035085395,-0.25751373,17.981903,20.05863,16.645803,0.001309391820260338,0.059443240749815295,0.005051588024747912,,,1.079547,0.5217832,31,3.4128265,1.3360996,14.555,13.976,13.658,0.034,0.047,0.046,20.4344,0.0393,19.1429,0.01,17.2675,0.0035,16.3883,0.0031,15.9697,0.0055,,,,,,,,,,,,,,,,,3129.1658,4.9669,0.0516,1.4278,0.8515,1.358,0.7521,0.6059,0.2874,MARCS,0.0
68514559552895488,true,true,true,164.20164252845484,-24.37573311218671,54.34278163126909,0.06643728,24.90432863222203,0.053691044,7.1542297466143525,0.07112214,20.01189690313016,0.096447445,-43.75090282049841,0.07159735,-0.05181304,0.07608276,-0.0070232563,0.17948407,0.0040897396,-0.012372919,-0.020782836,0.39002752,-0.1185373,0.15726066,16.784979,18.50351,15.53354,0.0014862235574616904,0.018366318564365592,0.0030543891225956,,,1.0766789,0.10852914,31,2.9699697,1.2514391,13.741,13.102,12.816,0.032,0.034,0.026,18.8757,0.0094,17.5944,0.007,16.0733,0.0053,15.3739,0.002,15.0396,0.0043,,,,,,,,,,,,,,,,,3313.7678,4.918,-0.0843,1.047,0.6582,1.001,0.5653,0.4357,0.3401,MARCS,0.0
66565778274538624,true,true,true,166.88582331202784,-22.76516822063226,57.54494597991424,0.07939868,24.47802874104996,0.05865244,7.400733451814482,0.10213797,18.486871543537866,0.09908556,-45.289806255718666,0.085701756,0.37101007,0.15039231,0.34286386,-0.031591933,0.038524516,-0.39077967,0.30270928,0.7569897,-0.057787407,-0.49775112,16.925774,18.804388,15.632983,0.0010893686334517482,0.026609678600888927,0.002058166588090755,,,1.0290276,0.14983128,31,3.1714048,1.2927904,13.755,13.185,12.892,0.024,0.029,0.029,19.1444,0.0065,17.8821,0.0045,16.2144,0.0025,15.4183,0.0023,15.0537,0.0024,,,,,,,,,,,,,,,,,3210.9656,4.9078,0.1191,1.0314,0.6299,0.9909,0.5487,0.4423,0.3464,MARCS,0.0
64889126119831040,true,true,true,167.74589132885444,-24.22321099121023,57.094462930924884,0.031770065,22.872477336102378,0.021254312,7.617353781069092,0.03413077,20.539052849387254,0.044744853,-46.74773678544327,0.027145123,-0.0054601044,0.124503225,-0.21117881,-0.27388278,0.047189247,-0.2203919,-0.059767183,0.3039408,0.19742605,-0.19241267,15.062484,16.408981,13.919446,7.853037394424317E-4,0.0061757776018480275,0.0033040407215124776,,,1.1173615,0.10380323,31,2.4895353,1.1430378,12.344,11.726,11.484,0.02,0.024,0.02,16.7701,0.0047,15.55,0.0036,14.3689,0.0041,13.8466,0.0022,13.5863,0.0039,,,,,,,,,,,,,,,,,3550.9297,4.6481,-0.2979,0.8518,0.5645,0.8177,0.4713,0.3464,0.5303,MARCS,0.0
50905056201179520,true,true,true,170.92340543103927,-26.00422977165897,58.00344896750895,0.016333666,19.59667781774051,0.009659251,6.978051417124352,0.015726142,17.212314082167456,0.024690283,-42.636322921907876,0.013509012,-0.45378697,-0.2769907,0.25629056,0.1923702,-0.26724163,-0.1923177,-0.3551584,0.7897228,0.28169692,-0.3313951,10.32281,10.659476,9.815068,4.7659173220597907E-4,0.0013747330736312469,9.498010190815108E-4,8.279058,0.35145485,0.94717985,0.074802175,31,0.84440804,0.5077419,9.267,8.981,8.873,0.024,0.022,0.018,10.666,0.0606,9.5665,0.1825,10.3186,0.0142,10.1445,0.0469,10.6474,0.0,,,,,,,,,,,,,,,,,5849.47,4.3495,-0.3362,0.1964,0.1653,0.2071,0.1179,0.0892,1.1107,MARCS,0.0
65232066371441792,true,true,true,166.2621098481688,-24.34734401097318,55.9155727826314,0.12864892,23.69221985705829,0.094871186,7.244614096975412,0.13935013,19.969143551789713,0.19076408,-45.53035596799632,0.12861155,-0.08086618,0.09468456,-0.0687882,0.12481926,0.038657766,-0.07375784,-0.017233329,0.4522548,-0.107456416,-0.044931,17.853973,19.832811,16.521322,0.0017994924677417277,0.052825680218313034,0.006652031702438183,,,0.9533538,0.0,31,3.311489,1.3326511,14.52,13.885,13.568,0.028,0.035,0.033,20.2999,0.0347,18.9778,0.0086,17.1233,0.0055,16.275,0.0031,15.8566,0.0043,,,,,,,,,,,,,,,,,3092.381,4.9744,0.0721,1.0208,0.6081,0.9772,0.5369,0.4403,0.2771,MARCS,0.0
53341642688604416,true,true,true,170.70755974917884,-22.56656427268352,60.454938323599364,0.05618843,22.167938875858077,0.032368626,8.003915402502194,0.059278246,19.67799785142256,0.07504721,-49.36815726952413,0.03854958,-0.0054751937,0.09411694,-0.17008987,-0.3349334,0.13374469,0.07990083,0.0788518,0.6384395,0.32656276,-0.08180067,16.131588,17.79364,14.88261,0.0010493676029558025,0.013264688859826096,0.0019498193202984067,,,1.1462913,0.13685241,31,2.9110298,1.2489777,13.112,12.524,12.237,0.023,0.028,0.02,18.1752,0.0055,16.9194,0.0047,15.4227,0.003,14.7193,0.0055,14.4013,0.0023,,,,,,,,,,,,,,,,,,,,,,,,,,,0.0
69974504837007232,true,true,true,165.5089066645584,-22.24653275658184,56.89244548480664,0.057125036,25.718164825630673,0.038888812,7.673490988631685,0.061190385,20.19878544649288,0.072547905,-46.51248487600978,0.049131535,0.20260179,0.115815945,-0.17649981,-0.28943083,0.01283362,-0.35455522,0.027220575,0.1854333,0.09988696,-0.055742323,16.268084,17.919313,15.032873,0.0016409789366939851,0.012296024742752718,0.0031988200590378248,,,1.0261426,0.11624491,31,2.8864403,1.2352104,13.285,12.669,12.425,0.022,0.025,0.023,18.3218,0.0076,17.0476,0.0045,15.5664,0.0059,14.8687,0.0026,14.5572,0.0042,,,,,,,,,,,,,,,,,3338.1287,4.8709,0.0366,0.909,0.5739,0.8732,0.4913,0.382,0.3843,MARCS,0.0
69860293066219136,true,true,true,165.51631346549382,-22.903409210840213,56.412758094613054,0.021137394,25.224208945373555,0.014943731,7.282245692610075,0.023906868,19.832396859021433,0.025905773,-45.07769249739836,0.018425398,-0.03653901,-0.013408134,0.33778825,0.07203881,0.04718623,-0.22505061,-0.0022714185,0.35676047,0.24010155,-0.09288734,14.256176,15.339489,13.218296,0.0020935965525141357,0.009230664387348096,0.005048012544033885,-0.2825011,5.091699,1.0119166,0.0,31,2.121193,1.03788,11.85,11.116,10.938,0.026,0.03,0.02,15.7532,0.0043,14.4627,0.0077,13.9642,0.0011,13.2151,0.0067,13.0195,0.0037,,,,,,,,,,,,,,,,,3850.3037,4.6203,-0.0124,0.7652,0.5301,0.7346,0.4332,0.3014,0.6205,MARCS,0.0
66473178779856768,true,true,true,167.77926628430387,-22.853005087513704,58.138996019792735,0.057124805,23.851738078375988,0.034417856,7.437968020642974,0.060377244,19.552198149833778,0.06676899,-44.83384243068203,0.044101574,0.023981918,0.031750023,0.23614112,-0.15942056,0.03563917,-0.12223167,0.05290421,0.47917795,0.1413179,-0.18060516,16.476507,18.147923,15.221072,8.097953332962992E-4,0.016039667871637305,0.0019970725475702447,,,1.0843358,0.19962783,31,2.9268503,1.255435,13.462,12.81,12.532,0.024,0.025,0.023,18.5394,0.005,17.2718,0.0047,15.7585,0.0028,15.0611,0.0025,14.7176,0.0055,,,,,,,,,,,,,,,,,3281.153,4.5124,-0.4882,1.0348,0.6496,0.991,0.5582,0.4326,0.4042,MARCS,0.0
68513356962056704,true,true,true,164.26814769193666,-24.39775215674974,54.377946007264235,0.08060565,24.84832840205574,0.06188337,7.6497537347849605,0.08496897,22.351721495935905,0.11839295,-46.40825384572891,0.08502617,-0.078513324,-0.0369636,0.029119154,0.12260357,-0.07181855,-0.09237981,-0.06944779,0.2724595,-0.1498112,0.13417932,17.071465,18.965057,15.7828245,0.0013458219251329625,0.031390212662533515,0.003934207459611874,,,1.0900918,0.23121119,31,3.1822329,1.28864,13.834,13.262,12.974,0.026,0.027,0.028,19.3183,0.0089,18.0462,0.0046,16.3589,0.0033,15.5749,0.0021,15.1893,0.0027,,,,,,,,,,,,,,,,,3207.9915,4.9325,0.053,1.0657,0.652,1.0202,0.5678,0.4525,0.3247,MARCS,0.0
66489259137570816,true,true,true,167.39674733647277,-22.861046639975907,57.85177827355964,0.015644968,24.087172363395553,0.009257227,7.47403630098569,0.01710725,19.14041254467395,0.018889673,-45.078411978289786,0.012871299,0.2661494,0.07640102,0.29010004,-0.21919431,-0.040587854,-0.1848427,0.17160082,0.65361845,-0.009743417,-0.3394008,12.779283,13.456099,11.986392,8.736106201873595E-4,0.003725230327411113,0.0021244319797906305,7.190647,2.8984835,1.1050173,0.07190656,31,1.4697065,0.79289055,11.007,10.407,10.274,0.024,0.014,0.021,13.7296,0.011,13.7152,0.0752,13.6856,0.0275,13.3302,0.001,12.0815,0.0164,,,,,,,,,,,,,,,,,4446.047,4.6309,-0.0525,0.1672,0.1257,0.1643,0.0979,0.0664,0.6576,PHOENIX,0.0
65008388771477120,true,true,true,166.89490879551926,-23.88857026691923,56.71926880123131,0.057538718,23.645138846504032,0.04109849,7.263568493862063,0.063897744,19.341465818406746,0.06765062,-45.10348228374381,0.049843736,0.12049802,0.016420921,0.3549347,-0.17278673,0.04381618,-0.24579868,-0.0024012085,0.064876415,0.1447091,0.03381911,16.497435,18.41301,15.17908,0.0011242471571403982,0.028067486163842453,0.0021463401860056714,,,1.0335654,0.15044369,31,3.2339296,1.3183546,13.191,12.456,12.206,0.023,0.021,0.026,18.9282,0.0076,17.4576,0.0047,15.7876,0.0055,14.9738,0.0026,14.569,0.0036,,,,,,,,,,,,,,,,,3289.7747,4.4801,-0.4145,1.9021,1.1732,1.8031,1.0191,0.784,0.4937,MARCS,0.0
64891634380723712,true,true,true,167.78353390664674,-24.044061831011437,57.25428791296075,0.023856409,22.980211869536916,0.015126499,7.479338623504139,0.025225181,19.782617691627937,0.030793412,-45.89295356467363,0.019124938,0.1251663,0.122086644,-0.02506593,-0.15040009,0.03532823,-0.030300286,0.036061212,0.47631514,0.020200618,-0.08136556,14.505948,15.656511,13.439648,8.446721974522447E-4,0.003865876873598457,0.0021898859219066404,-4.53644,8.186026,1.049947,0.0,31,2.2168636,1.0663004,12.03,11.355,11.15,0.02,0.027,0.018,16.0057,0.0028,14.8028,0.0041,13.8598,4.0E-4,13.435,0.0044,13.2124,0.0027,,,,,,,,,,,,,,,,,3722.43,4.6338,-0.2443,0.6903,0.4723,0.6634,0.3881,0.2754,0.579,MARCS,0.0
119746677510509568,true,true,true,160.2740011560609,-22.03630480388362,52.864565389543365,0.017585004,28.998908195895712,0.0110435495,6.2009656429586135,0.017012615,15.933316536135774,0.02388592,-39.030874965883655,0.015262854,-0.018531013,-0.05589089,0.115325935,-0.35645548,0.21149744,0.023912773,0.20369238,0.2172312,0.081616335,0.24965213,12.468376,13.055596,11.743031,0.00147422050283496,0.005760291245050148,0.003756598786349426,-2.9527357,1.6024874,1.018801,0.0564178,31,1.3125658,0.7253456,10.858,10.33,10.18,0.022,0.024,0.018,13.472,,12.661,,12.286,,12.062,,11.946,,,,,,,,,,,,,,,,,,4988.524,4.5513,-0.0354,0.6089,0.4773,0.6136,0.3603,0.2533,0.7609,MARCS,0.0
64656201452146304,true,true,true,166.28116264927104,-25.721079554700452,54.93671006565371,0.064539984,22.654103017730275,0.051955063,7.604703051583063,0.0850034,20.751404188856693,0.086623296,-46.504809433409434,0.061035465,0.2068249,0.1758334,0.07084274,-0.12442212,0.15770923,-0.39944077,0.015593977,0.43064943,0.38754106,-0.1384776,16.780579,18.581429,15.497756,0.0012058264822203345,0.023838639449678258,0.002947895087890573,,,0.9682968,0.0,31,3.0836725,1.2828226,13.624,12.982,12.73,0.024,0.024,0.023,18.9496,0.0071,17.7035,0.0056,16.0324,0.0029,15.289,5.0E-4,14.9088,0.0045,,,,,,,,,,,,,,,,,3236.5708,4.8946,0.1273,0.9608,0.5905,0.925,0.5125,0.4124,0.3593,MARCS,0.0
51474495848610432,true,true,true,170.83762689036527,-24.061411922102295,59.40462608487907,0.12897083,21.0298658464983,0.08609955,7.827978800511403,0.1503759,19.945399868390094,0.15612023,-48.903473936696884,0.10888637,0.16428372,0.11848831,0.27353907,-0.09614331,0.081072256,-0.27698725,0.16203825,0.64263606,0.06880146,-0.34457156,17.91893,20.113638,16.574253,0.0014038845053725786,0.06948737321102035,0.005280818377663882,,,1.0333143,0.39225617,31,3.5393848,1.344677,14.581,13.934,13.63,0.031,0.035,0.044,20.4068,0.0201,19.0929,0.009,17.2,0.0042,16.3441,0.005,15.8931,0.0082,,,,,,,,,,,,,,,,,3093.4102,4.9757,0.0673,1.2462,0.7392,1.1887,0.6544,0.5344,0.2762,MARCS,0.0
68319529381881344,true,true,true,165.52985759319776,-23.651966100017187,55.874637647335454,0.112293355,24.656396620900924,0.079952255,7.578873356565054,0.12604854,20.777348312640164,0.14881586,-48.2465613696604,0.101354726,0.24586421,0.17038484,0.04864861,-0.255408,0.0029439307,-0.25891802,0.0023989996,0.31553277,0.16942388,-0.08253345,17.55076,19.507822,16.259018,0.0013291629333174301,0.05659260186172908,0.008197080474682405,,,1.0597987,0.30626932,31,3.248804,1.2917423,14.314,13.777,13.446,0.032,0.04,0.034,19.8282,0.0128,18.5659,0.0054,16.8387,0.0038,16.0207,0.0053,15.6401,0.0029,,,,,,,,,,,,,,,,,3137.3223,4.9847,-0.0235,0.904,0.547,0.8646,0.4793,0.3853,0.2704,MARCS,0.0
58368884727558784,true,true,true,165.53347549670698,-28.5590291124781,52.39678773367461,0.023465214,20.9407590168408,0.018779982,7.569212684351719,0.027060319,23.287505780106972,0.027258568,-45.68196522024052,0.023028603,0.24573657,0.15297155,0.28815773,-0.13876161,-0.026004834,-0.22525527,0.021366855,0.14469032,0.014452797,-0.1599093,14.575949,15.763584,13.493149,0.001484218805955244,0.0069368408128820894,0.0034977635057342853,1.2360404,8.546,1.1163191,0.06746597,31,2.2704353,1.0827999,12.076,11.433,11.217,0.02,0.021,0.019,16.1187,0.0047,14.9218,0.003,13.995,0.0078,13.4854,0.008,13.2613,0.0076,,,,,,,,,,,,,,,,,3621.2292,4.5715,-0.5024,0.6028,0.409,0.5798,0.3373,0.2425,0.5738,MARCS,0.0
68409487473090688,true,true,true,164.718464763164,-24.85287773857547,54.395532940332224,0.0143747665,24.236398047705695,0.009624611,6.386770513690612,0.016097669,17.948754619228215,0.018098375,-39.381595896287806,0.0116711315,0.031975076,0.11119517,0.22891001,-0.25673777,0.08927584,-0.054614123,0.053789604,0.19357422,0.30409083,-0.07038094,10.443639,10.779536,9.937388,4.7105890034600077E-4,0.001358563394347294,9.392268129139421E-4,4.64195,0.50131786,0.9142552,0.06666959,31,0.8421478,0.5062504,9.363,9.124,9.021,0.022,0.022,0.017,10.956,,10.576,,10.406,,10.31,,10.267,,,,,,,,,,,,,,,,,,5849.0723,4.2473,-0.3294,0.1945,0.1638,0.2051,0.1167,0.0883,1.146,MARCS,0.0
63576446674056320,true,true,true,167.78409465582882,-25.914941251279433,55.882857272538615,0.08906579,21.60538705423644,0.06966566,8.455519888101604,0.09849453,24.245616610434602,0.11853215,-49.677755192111036,0.09101221,0.3553273,0.30128908,0.14461103,0.04243465,0.09907067,-0.03576396,0.11013795,0.40165812,-0.004005871,0.053717792,17.367844,19.428354,16.04027,0.0015570660999025185,0.03824195166787624,0.005024580383415813,,,0.97203016,0.038188968,31,3.3880844,1.3275738,14.09,13.492,13.168,0.027,0.024,0.031,19.808,0.0053,18.5117,0.0095,16.6767,0.0024,15.7936,0.0022,15.3694,0.0051,,,,,,,,,,,,,,,,,3110.2854,4.9556,0.1178,1.0679,0.6371,1.0236,0.562,0.4617,0.2969,MARCS,0.0
68468203969427200,true,true,true,164.28740677888197,-24.32025050535126,54.4480325877061,0.083060935,24.89598496190662,0.065544836,7.0344918820298545,0.0887061,19.984505583113126,0.1138158,-43.851144321919904,0.08905511,-0.003233171,0.020450851,0.028373174,0.046871696,-0.008003087,-0.08762345,-0.013571925,0.2783561,-0.038055934,0.11618247,17.405783,19.346193,16.118494,0.0013487361821721948,0.046706957213483356,0.004624452732146841,,,0.9480529,0.0,31,3.2276993,1.2872887,14.145,13.572,13.294,0.028,0.033,0.031,19.6415,0.0133,18.3632,0.0048,16.6735,0.0027,15.9035,0.0023,15.5188,0.0046,,,,,,,,,,,,,,,,,3211.7695,4.9544,-0.0384,1.1642,0.7135,1.1102,0.6212,0.489,0.3024,MARCS,0.0
66521381194879232,true,true,true,166.89607181247106,-23.4342139003711,57.055515054741626,0.05099364,23.97951838435878,0.037585296,7.547372277549449,0.055892754,19.656892472424325,0.0707115,-45.83816214998953,0.047198564,0.016840845,0.09135557,-0.03897755,-0.14542244,0.046455387,-0.28579152,-0.020002522,0.3827723,0.12316862,-0.07269093,16.340902,18.059566,15.072655,9.984641173708974E-4,0.024286861485147044,0.002938161891629308,,,1.0021007,0.0,31,2.9869118,1.2682476,13.25,12.659,12.36,0.024,0.024,0.022,18.4337,0.0201,17.2162,0.006,15.6488,0.0077,14.902,0.0042,14.5535,0.0037,,,,,,,,,,,,,,,,,3313.735,4.8475,0.127,0.9811,0.6118,0.9456,0.5268,0.4189,0.3993,MARCS,0.0
64174546641593984,true,true,true,167.90610583254735,-23.614635314742188,57.66222912452411,0.03182063,23.21722758953147,0.018898396,7.301312904999704,0.035013244,18.264910026129144,0.040552225,-45.37654930409289,0.02482583,-0.06308174,0.035687055,0.348022,0.043124743,-0.079662696,-0.06433901,-0.07395925,0.61709267,0.27772793,-0.1977714,15.392325,16.795277,14.226943,4.918907579137793E-4,0.004338122373633409,0.0011064047819758312,,,0.9832702,0.0,31,2.5683336,1.1653824,12.636,11.974,11.746,0.021,0.026,0.018,17.216,0.0097,15.9532,0.0047,14.7033,0.0027,14.1343,0.0024,13.8556,0.0016,,,,,,,,,,,,,,,,,3537.9124,4.7636,0.0269,0.871,0.5714,0.8375,0.4795,0.358,0.4853,MARCS,0.0
69649736589001600,true,true,true,161.98480378092148,-24.341570562578273,52.63976975201179,0.014541298,26.21555153475187,0.01222417,6.959894066731411,0.01704625,20.855576424956862,0.018405082,-42.22699549265041,0.015527107,0.302124,0.12801467,0.2370004,-0.009763319,0.10829175,-0.25481868,0.10335211,0.35557017,0.14725924,0.028806597,12.820246,13.487654,12.031796,0.0013204430956728856,0.004598126400931367,0.0037622048124776905,3.0621312,4.4767213,1.034029,0.065649085,31,1.4558573,0.7884493,11.007,10.4,10.279,0.021,0.028,0.018,13.7013,0.002,12.713,,12.387,,12.215,,12.1511,0.0141,,,,,,,,,,,,,,,,,4538.734,4.579,-0.1437,0.433,0.329,0.4284,0.2544,0.174,0.7027,MARCS,0.0
65088275162687104,true,true,true,166.28915034607965,-24.59438084276465,55.75590442819679,0.076841,23.49166437151513,0.057901323,7.500634830364743,0.091507256,20.33014330525751,0.09720215,-46.80745783805581,0.07303676,0.22392865,0.1646578,0.2050311,-0.12743494,0.09161245,-0.27131045,0.11831689,0.41437465,0.13134222,-0.2293182,16.996695,18.775732,15.729276,0.0014231121013634001,0.02522248212535172,0.004679202495334118,,,0.9035413,0.0,31,3.0464563,1.2674189,13.927,13.336,13.04,0.029,0.033,0.037,19.1624,0.0137,17.8879,0.0051,16.2852,0.0021,15.5599,0.0036,15.2144,0.0042,,,,,,,,,,,,,,,,,,,,,,,,,,,0.0
51497864767442176,true,true,true,170.87748555022682,-24.013976306706546,59.4681481337614,0.0633787,21.037611616353228,0.042756896,7.044820199675307,0.07226962,17.177154945783474,0.08093571,-43.90851366833168,0.054807074,0.18736523,0.088648185,0.22485927,-0.09847039,0.046823658,-0.26606822,0.13091767,0.604671,0.10787951,-0.284849,16.86807,18.781132,15.560354,8.367754785930063E-4,0.023917855355585157,0.002920651854960706,,,0.9890601,0.093508676,31,3.2207775,1.3077164,13.648,13.008,12.734,0.021,0.026,0.024,19.1357,0.0097,17.834,0.0048,16.1352,0.0032,15.3586,0.0033,14.9482,0.0043,,,,,,,,,,,,,,,,,3281.0017,4.8615,0.1622,1.3971,0.8563,1.339,0.7448,0.5943,0.3894,MARCS,0.0
68284104491279872,true,true,true,165.54047720633196,-24.100648923893313,55.556263419518594,0.11726449,24.31367196396033,0.08927197,7.2306568674940594,0.12936121,18.714216042268447,0.15375024,-45.28656130692565,0.11986016,0.27270544,0.13356075,0.25895226,-0.18720832,0.039710186,-0.18796045,0.100428686,0.22548197,-0.058947373,-0.07255281,17.849161,19.979172,16.521389,0.0018116240078640856,0.05344948481440922,0.008942736960113468,,,1.0448145,0.34227952,31,3.4577827,1.3277721,14.501,13.909,13.625,0.034,0.038,0.036,20.2601,0.0124,18.9383,0.0115,17.1205,0.0067,16.3013,0.005,15.8746,0.0072,,,,,,,,,,,,,,,,,3164.398,4.9843,-0.0577,1.4103,0.851,1.3391,0.7474,0.5916,0.2725,MARCS,0.0
69811364798863744,true,true,true,165.6185338646199,-23.43035390951779,56.103485703428014,0.025470594,24.768212832129016,0.016161585,7.383367795347211,0.025824912,20.0096511843737,0.036148015,-45.86504913512492,0.021562146,-0.2509608,-0.07073924,-0.16554436,-0.25773185,0.041458875,-0.018821182,-0.046023652,0.27530506,0.2386183,0.082094915,14.463644,15.626272,13.390887,0.0022840404808962705,0.009914525587751962,0.005814803179923623,-1.5532763,12.432807,1.0521954,0.0,31,2.235385,1.0727568,11.918,11.237,10.999,0.023,0.031,0.022,15.9072,0.006,14.7119,0.0089,13.8246,0.01,13.3579,0.005,13.1228,0.0038,,,,,,,,,,,,,,,,,3830.8896,4.6782,0.1299,0.887,0.6068,0.8528,0.4987,0.3541,0.5902,MARCS,0.0
68444878003882240,true,true,true,164.73928195291515,-24.397473822490117,54.73703549837036,0.019423136,24.56961635010271,0.014306581,7.1600478835138714,0.02113173,20.161375137724104,0.023409324,-43.46365281158042,0.017420135,0.0060790903,0.07637587,0.04192528,-0.01933267,-0.0100729745,-0.040420737,-0.06510782,0.32385087,0.07827469,0.2028061,10.378874,10.706098,9.886065,0.0010059610750349109,0.003501586202703924,0.0025953680958890717,5.2395177,0.24068579,1.3256876,0.13424318,95,0.8200331,0.4928093,9.358,9.053,9.041,0.029,0.032,0.02,,,10.0787,0.138,10.3879,0.0014,12.0206,0.185,11.54,0.001,,,,,,,,,,,,,,,,,5782.142,4.3277,-0.2906,0.092,0.0774,0.0969,0.0552,0.0417,1.036,MARCS,0.0
64915754917051520,true,true,true,167.80908414943016,-23.93080540026502,57.35676779986823,0.08194617,23.047107208330427,0.055617698,7.539613373579104,0.089505695,21.638262819005256,0.10374957,-46.67035897159861,0.072997026,0.2915876,0.21251635,0.16248803,-0.13606039,0.07701669,-0.13358185,0.15275608,0.58805084,-0.08407909,-0.20748812,17.31056,19.177654,16.00316,0.0016846193433403883,0.04757431104027181,0.00401593130476595,,,0.97940594,0.0,31,3.1744938,1.3073997,14.099,13.419,13.159,0.026,0.036,0.034,19.6087,0.0045,18.2809,0.0066,16.5932,0.0032,15.7973,0.0023,15.4113,0.0054,,,,,,,,,,,,,,,,,3172.662,4.9569,0.0281,1.0244,0.623,0.9799,0.5443,0.4355,0.3007,MARCS,0.0
70160287942261376,true,true,true,164.30278633363014,-23.163184144792215,55.29287492170479,0.044003263,25.76541903413525,0.03128609,7.797466246499463,0.048503,21.563527220546952,0.05241033,-47.149997250522,0.038666125,0.19554771,0.101795256,0.35999933,-0.14459835,-0.068781815,-0.12718722,-0.067469984,0.16589734,0.11458048,-0.017304456,16.040766,17.695215,14.802626,0.0015010559892580065,0.010257542102741145,0.003555324669160137,,,1.0487144,0.03734816,31,2.8925896,1.2381401,13.034,12.408,12.166,0.022,0.028,0.023,18.0462,0.015,16.8381,0.0064,15.3258,0.0043,14.6467,0.0059,14.3168,0.0038,,,,,,,,,,,,,,,,,3322.5608,4.7373,-0.1587,0.9256,0.5848,0.8886,0.5005,0.3881,0.4214,MARCS,0.0
64974574492213248,true,true,true,166.90690557922753,-24.296120782011226,56.42870174000814,0.09010045,23.336589161292384,0.05891634,7.492486097833367,0.0977831,21.406088529779186,0.13026962,-45.052319844566526,0.076506026,-0.00874152,0.07724497,-0.12572342,-0.22073947,-0.032678053,-0.10599715,-0.0965278,0.26498663,0.29692578,0.022667576,17.363674,19.30851,16.061031,0.0013720795724517633,0.04590681577981709,0.004516314918854575,,,0.9524142,0.0,31,3.2474785,1.3026428,14.157,13.547,13.19,0.027,0.027,0.026,19.634,0.0108,18.3533,0.0076,16.6333,0.0047,15.8566,0.0021,15.4511,0.0044,,,,,,,,,,,,,,,,,3171.196,4.9594,0.0218,0.9584,0.5836,0.9172,0.5095,0.4077,0.2983,MARCS,0.0
65673593307063552,true,true,true,167.9699324729846,-23.470609629373474,57.81600521946067,0.018949028,23.282072324477088,0.011150675,7.39121408595741,0.019582776,20.266120356445313,0.023781037,-45.198913858633816,0.014768439,-0.121395886,-0.086201146,0.26418608,-0.018426102,-0.16869718,-0.1700724,-0.15676683,0.64938575,0.18966222,-0.25831625,14.110739,15.143591,13.089289,0.0012213264394264135,0.005556546068582356,0.004178864666893642,-1.5548016,4.088157,1.0752883,0.0,31,2.0543022,1.02145,11.737,11.02,10.852,0.021,0.028,0.024,15.5245,0.0049,14.3023,0.0088,13.458,,13.1257,0.006,12.9219,0.0073,,,,,,,,,,,,,,,,,,,,,,,,,,,0.0
71351883668034048,true,true,true,162.028686776914,-22.227644121436793,54.1695397555478,0.015558675,27.832176380231715,0.010568686,7.215441805135176,0.0170575,20.552926798386167,0.019251214,-44.26645874659062,0.01395213,-0.08064393,-0.054579318,0.3677567,-0.018844627,0.094385594,-0.055939004,-0.02383465,0.20847854,0.16299231,0.2284221,13.412615,14.233804,12.523065,0.0015807359868397657,0.00596431476618865,0.00409152203842142,-0.09891716,2.208893,1.0521535,0.0,31,1.7107391,0.8895502,11.348,10.683,10.542,0.02,0.022,0.02,14.5738,0.0082,13.284,,12.878,,12.642,,12.5206,0.0035,,,,,,,,,,,,,,,,,4274.397,4.6414,0.1461,0.5944,0.4353,0.5773,0.3452,0.2322,0.6463,MARCS,0.0
65079788307324672,true,true,true,166.30102235223677,-24.750745112272156,55.651179029374646,0.055768564,23.36783880666926,0.046383977,7.456015960593475,0.07108709,19.555682528777616,0.064785615,-43.92896916132491,0.058681395,0.46248996,0.21411869,0.4191384,0.041006893,0.09322504,-0.32483897,0.3326033,0.63704985,-0.04358662,-0.36497185,16.140701,17.753311,14.908607,0.001996819139826593,0.01446875558462704,0.0045584885446387745,,,1.0383351,0.059743207,31,2.8447046,1.2320948,13.21,12.538,12.285,0.022,0.021,0.018,18.1147,0.0156,16.8677,0.0097,15.3953,0.0043,14.7508,0.0024,14.4406,0.0025,,,,,,,,,,,,,,,,,3353.9702,4.7118,-0.3219,0.987,0.6288,0.9457,0.536,0.4097,0.409,MARCS,0.0
53029278307021696,true,true,true,171.08950779034558,-23.038941866780128,60.358621002820136,0.043049417,21.585596506405725,0.028439218,7.473926226138187,0.04969354,19.10429714130666,0.060030587,-45.854030142547465,0.03623899,-0.01871809,0.12712905,0.1676254,-0.030928196,0.09507764,-0.18049905,0.04146281,0.653903,0.23183453,-0.29980093,16.10102,17.739914,14.863558,0.0011218901575263563,0.01211939948075757,0.0026697041307754805,,,1.0060776,0.0,31,2.8763561,1.237463,13.146,12.542,12.255,0.024,0.024,0.021,18.1208,0.015,16.8378,0.0051,15.3799,0.0017,14.6939,0.0058,14.3756,0.0026,,,,,,,,,,,,,,,,,3352.1165,4.7631,-0.1026,1.0451,0.6616,1.0016,0.5659,0.4357,0.4261,MARCS,0.0
69968113925681408,true,true,true,165.56323448053647,-22.308714050818793,56.88781044276308,0.060572363,25.638312433124966,0.040571515,7.160889198044508,0.06340412,18.80303468296861,0.07605813,-44.158558927294074,0.05204141,0.14087094,0.013230234,0.008127955,-0.22710517,0.09121561,-0.10325159,0.11342282,0.2571011,0.2083871,0.08868684,16.606457,18.404358,15.329647,0.001348325483695418,0.01953795713876151,0.0032251453538091365,,,1.0144483,0.06424624,31,3.0747108,1.2768097,13.481,12.839,12.542,0.025,0.024,0.027,18.7749,0.0054,17.4498,0.0076,15.8654,0.0055,15.112,0.0027,14.7677,0.0032,,,,,,,,,,,,,,,,,3293.6453,4.8622,0.0833,1.1017,0.6844,1.0574,0.591,0.4664,0.3822,MARCS,0.0
64589062523316736,true,true,true,165.65235757786476,-26.4815718667052,53.93454089287151,0.039274033,22.45259124715032,0.031084983,7.152749681642172,0.0444876,21.26584522220347,0.050854683,-43.37202576251183,0.03944847,0.380722,0.30229264,0.08161504,-0.19059482,0.018212842,-0.1980369,0.0041203247,0.24896291,0.18635684,0.03834297,15.706452,17.19146,14.519381,6.76471639736775E-4,0.005942647851895765,0.0014056236089101286,11.335728,6.1815653,1.0524058,0.09947558,31,2.672079,1.1870718,12.87,12.244,12.023,0.023,0.022,0.021,17.548,0.0105,16.3342,0.0038,14.9952,0.0056,14.4246,0.0012,14.1259,0.0092,,,,,,,,,,,,,,,,,3412.9744,4.5967,-0.4514,0.8704,0.564,0.835,0.4763,0.3587,0.4703,MARCS,0.0
68254245878512384,true,true,true,164.86571534559823,-24.434606989300963,54.80623332660652,0.01741271,24.46632471871234,0.012074991,7.118104224750291,0.018402463,19.811126884811692,0.022295369,-44.51509163145818,0.015330699,0.08452605,0.023469942,-0.16455151,-0.101657614,-0.06918133,-0.24082041,-0.048435032,0.24877468,0.07577439,0.024716483,10.22619,10.540687,9.739897,0.001132615537127539,0.002634476049856011,0.0017178107318313002,5.2130475,0.33767933,1.1078361,0.10239732,31,0.80078983,0.48629284,9.232,8.999,8.905,0.023,0.033,0.022,10.616,,10.288,,10.166,,10.121,,10.112,,,,,,,,,,,,,,,,,,5894.4326,4.3718,-0.1959,0.1149,0.0971,0.1213,0.069,0.0522,1.084,MARCS,0.0
64129294866302336,true,true,true,167.8189029050771,-24.45561962366409,56.97574688018189,0.071548164,22.656941491685657,0.051525507,7.334420448765222,0.08047028,21.156998323062908,0.09934401,-46.783284011777134,0.06635867,0.0037991095,-0.0013468247,-0.0059950347,-0.13507612,-0.081789784,-0.35811722,-0.13144656,0.32257658,0.19917825,-0.20346668,16.8719,18.646664,15.605882,0.0012385406434410092,0.04374583382273587,0.003938804081031931,,,1.0449551,0.07299568,31,3.040782,1.2660189,13.737,13.172,12.88,0.027,0.027,0.026,19.0235,0.013,17.7334,0.0078,16.1546,0.0026,15.4301,0.0017,15.0612,0.0057,,,,,,,,,,,,,,,,,3281.9368,4.9217,-0.0371,1.0893,0.6791,1.041,0.5859,0.4551,0.337,MARCS,0.0
67899520235887616,true,true,true,164.33570897618512,-26.197649161993954,53.15763413329577,0.083036564,23.432917294381728,0.063105635,7.2748694971298065,0.09032407,21.09767049728122,0.14286757,-44.375770540667794,0.09103066,-0.34129366,0.037828997,0.06339439,-0.035314474,0.012431265,-0.013204249,-0.1324867,0.298544,-0.049628,0.22843242,17.188633,19.1299,15.888532,0.001578590747951998,0.034447977778775764,0.004093107248954524,,,1.0421113,0.1848871,31,3.2413683,1.3001013,13.984,13.369,13.056,0.026,0.027,0.028,19.4858,0.0124,18.1772,0.0049,16.4908,0.005,15.6644,0.0023,15.2577,0.0043,,,,,,,,,,,,,,,,,3216.6292,4.9255,0.0562,1.2309,0.7518,1.1761,0.6555,0.5206,0.3308,MARCS,0.0
66481734354737792,true,true,true,167.5464680580842,-23.003187048342955,57.85568054293428,0.016374184,23.889171778893992,0.008995175,7.370803781679368,0.018221663,19.113518113426856,0.020081712,-46.862222868873786,0.012158865,0.09539734,0.1438984,0.14320599,-0.1824649,0.031861685,-0.0012335106,0.06869659,0.64833593,0.14821078,-0.26400664,13.465058,14.3031225,12.563636,0.001080760884277733,0.0046031499444621074,0.0026992180744715845,6.7226863,1.9441465,1.0155,0.0,31,1.7394867,0.9014225,11.409,10.762,10.589,0.021,0.028,0.021,14.6441,0.0029,13.491,,13.029,,12.743,,12.5309,0.004,,,,,,,,,,,,,,,,,4263.048,4.6766,0.0663,0.4549,0.3315,0.4414,0.2632,0.1782,0.6251,PHOENIX,0.0
66556535504957568,true,true,true,166.91054659709266,-22.981366904114978,57.40227687241278,0.0501213,24.30373739744004,0.033499394,7.176475690564863,0.056926314,18.7101485350458,0.060767554,-45.75714788234882,0.043965187,0.2981679,0.28482354,0.16910507,-0.15172485,0.05131416,-0.20554505,0.08349268,0.6048311,0.09728834,-0.26070437,16.240494,17.818926,15.0179205,9.462563582361688E-4,0.012070139632060977,0.002218803268016576,,,1.0286475,0.0,31,2.8010054,1.2225733,13.274,12.645,12.425,0.023,0.023,0.024,18.2178,0.0113,16.9427,0.0047,15.5248,0.0073,14.8783,0.0036,14.5807,0.0027,,,,,,,,,,,,,,,,,3352.5361,4.7223,-0.3227,0.97,0.6181,0.9294,0.5268,0.4026,0.4025,MARCS,0.0
66280248847432192,true,true,true,168.04367108865634,-20.952996378483153,59.77636182130814,0.041982874,25.055401907175817,0.02264416,7.5705552996968395,0.04244798,18.173443623615704,0.056179762,-47.27269581697594,0.02956678,-0.17626707,-0.090503246,0.14013115,-0.22459945,0.032814067,-0.007516375,0.021825537,0.55683225,0.23217836,-0.17954694,15.346905,16.87844,14.146956,8.50919280888906E-4,0.006239665498720891,0.00195620104528477,,,1.179775,0.14884049,31,2.7314844,1.1999483,12.434,11.697,11.458,0.021,0.019,0.022,17.3782,0.0064,15.9426,0.0028,14.6469,0.0029,14.0335,0.0034,13.7363,0.0032,,,,,,,,,,,,,,,,,3543.1523,4.5841,-0.3638,1.4713,0.9594,1.4002,0.8094,0.5907,0.5631,MARCS,0.0
71452282823829632,true,true,true,162.07203450673623,-21.891908626366565,54.44623904090004,0.016429413,28.06581746261885,0.010936986,7.1608171019248354,0.016949562,19.618411901195262,0.01989182,-44.53262657421513,0.013464155,0.08877,0.11308304,0.19879884,-0.23527709,0.27952215,-0.016547972,0.22508308,0.42888612,0.14351346,0.14226726,12.913839,13.608438,12.110759,0.0011470359294321654,0.004721195987114739,0.0030823721214639065,0.9993691,2.8920743,0.8922417,0.04663189,31,1.4976788,0.80308056,11.094,10.481,10.354,0.021,0.022,0.017,13.8657,0.012,12.946,,12.567,,12.343,,12.1899,0.0018,,,,,,,,,,,,,,,,,4428.7847,4.6406,0.1195,0.3306,0.2483,0.3245,0.1938,0.1307,0.6697,MARCS,0.0
65269935099961600,true,true,true,166.306190498506,-23.71071955403631,56.41378202777228,0.08259988,24.138865613858307,0.058982275,7.258451579517981,0.09427919,19.60135679255054,0.10216059,-45.7889373460749,0.070053175,0.10666044,0.09878041,0.36454716,-0.012262714,0.058842536,-0.13804056,-0.011329387,0.2752057,0.2826447,0.0292592,17.16973,18.952118,15.872448,0.001059895993854642,0.03320328101926079,0.005105015148794594,,,1.0806322,0.19941817,31,3.07967,1.2972813,13.931,13.325,13.019,0.026,0.034,0.03,19.4313,0.0229,18.1407,0.0073,16.4304,0.0037,15.6671,0.0039,15.2702,0.0041,,,,,,,,,,,,,,,,,3230.8403,4.9251,0.0422,1.1649,0.715,1.1136,0.6218,0.4917,0.3332,MARCS,0.0
51303388648134400,true,true,true,171.16744895617506,-25.350439782574387,58.65845264627161,0.04878494,19.906168357382406,0.034743145,7.894783333803146,0.052146275,20.075454904271886,0.06229164,-48.07985687773282,0.043385614,0.14489964,0.07864578,0.025236929,-0.12539649,0.104698345,-0.20864889,0.15013133,0.5044346,-0.03675989,-0.21762016,16.368244,18.137215,15.089496,0.0011822409804790348,0.013086184591659588,0.00294321524180829,,,1.0284839,0.066011645,31,3.047719,1.2787485,13.203,12.611,12.32,0.024,0.026,0.021,18.4582,0.0095,17.2441,0.0057,15.6652,0.0037,14.9196,0.0035,14.5505,0.0026,,,,,,,,,,,,,,,,,3284.552,4.8398,0.0942,1.0806,0.6699,1.0383,0.579,0.4593,0.3922,MARCS,0.0
68168419548529920,true,true,true,165.59440636706637,-24.399688262166954,55.38009303304036,0.08358297,24.056737099413954,0.05879648,7.859621346068521,0.09089395,21.791897434074126,0.116042465,-47.60378586437923,0.07808543,0.17718042,0.18867898,-0.163977,-0.11605938,-0.19024438,-0.2580586,-0.1809042,0.1823888,0.004686331,0.02580104,17.14373,19.0137,15.843956,0.0014231382303373527,0.027886982807391332,0.004551027513994932,,,0.95180583,0.0,31,3.1697445,1.2997742,13.969,13.329,13.064,0.024,0.033,0.028,19.407,0.0074,18.1177,0.0042,16.4184,0.0027,15.6414,0.0018,15.2621,0.0017,,,,,,,,,,,,,,,,,3205.8948,4.9499,-0.0139,1.0795,0.6616,1.0311,0.5759,0.4551,0.3065,MARCS,0.0
68308882159427840,true,true,true,165.6840131974261,-23.493433388210107,56.10672868467131,0.04011961,24.681159703039956,0.026129117,7.775523482076141,0.040982436,20.977456146011534,0.06423393,-46.97992302418597,0.038628113,-0.34755102,0.026697656,-0.16946255,-0.26144558,0.22124897,-0.11621905,0.049401045,0.22941361,0.19253448,-0.03972772,15.432,16.975058,14.227994,0.0013415909094363094,0.008360878788732212,0.0023228255928114516,,,1.0681502,0.0,31,2.7470636,1.2040062,12.54,11.926,11.625,0.023,0.032,0.022,17.3397,0.0063,16.0998,0.0048,14.7351,0.0066,14.1039,0.0039,13.7922,0.0025,,,,,,,,,,,,,,,,,3359.5686,4.4243,-0.5632,0.8819,0.5666,0.847,0.4805,0.3665,0.5188,MARCS,0.0
69945814454871680,true,true,true,164.87760130332225,-22.555555347538558,56.17999120209439,0.02416758,25.875322446353035,0.013510046,7.573754288408809,0.021448413,19.765767321605686,0.03191197,-45.89511551848927,0.01781647,-0.22257005,-0.14100242,-0.14003223,-0.5200828,0.15460525,-0.17560999,0.08095419,0.0090234075,0.21546844,-0.059437495,11.437774,11.892746,10.796518,6.5986250613207E-4,0.0017240279772465503,0.0010785289769400638,2.5641694,0.98015606,1.0513775,0.12686725,31,1.0962276,0.6412554,10.031,9.669,9.52,0.027,0.03,0.02,12.6967,0.064,13.4383,0.0011,13.5359,0.0,11.1817,0.033,11.6668,0.001,,,,,,,,,,,,,,,,,5253.872,4.5899,0.0792,0.2839,0.2289,0.2904,0.1692,0.1212,0.7897,MARCS,0.0
63999999169130112,true,true,true,167.8245251207943,-24.930319149501887,56.630577272862354,0.058472447,22.305310419986274,0.047067583,7.432473633593599,0.06450196,19.543662369430454,0.07703707,-46.412852716344204,0.05918031,0.22228281,0.14363895,0.03084381,-0.08811036,0.03447914,-0.24977547,0.033883862,0.21529293,0.07118113,0.06796623,16.615885,18.53238,15.299266,0.0010298866421256283,0.02671292047325645,0.003398390780126315,,,1.0838587,0.18454194,31,3.2331133,1.3166189,13.384,12.823,12.503,0.022,0.027,0.027,18.8763,0.0103,17.56,0.0048,15.8908,0.0028,15.0999,0.0015,14.7103,0.0027,,,,,,,,,,,,,,,,,3287.3464,4.8227,0.131,1.3478,0.8291,1.2919,0.7197,0.5721,0.4079,MARCS,0.0
70201725786644608,true,true,true,164.35723118781496,-22.627378310373246,55.725084279073265,0.07389202,26.137673410555898,0.047789738,7.662535829651434,0.080202855,19.95717012398481,0.104664505,-46.849069094281546,0.060794845,0.013462518,0.14501959,-0.18926491,-0.29183608,-0.03474515,-0.22975554,-0.13609628,0.24550663,0.27373224,0.12061357,16.80722,18.606426,15.538092,0.0012062968740500467,0.019400954803301514,0.00410437837114026,,,0.9794475,0.06610312,31,3.0683346,1.2691288,13.718,13.153,12.825,0.027,0.036,0.028,18.932,0.0133,17.6735,0.0054,16.1023,0.0038,15.3516,0.0032,15.0144,0.0028,,,,,,,,,,,,,,,,,3265.2056,4.9182,0.014,1.0524,0.6534,1.0068,0.5648,0.4421,0.3411,MARCS,0.0
66481837433947392,true,true,true,167.55303045065702,-22.98401089187394,57.87484201908012,0.023722667,23.899035571281136,0.013166594,7.49850135876853,0.024634525,18.763216353022994,0.029313238,-45.89026741192703,0.018829305,0.22929311,0.181666,-0.19560343,-0.30757117,0.22970036,-0.20699088,0.25527737,0.7591087,0.039051086,-0.4229005,13.02816,13.758848,12.188227,0.001043118972118781,0.004157397651269257,0.002841241738130229,-6.92526,7.910427,1.2987894,0.10629028,31,1.5706215,0.8399334,11.109,10.493,10.296,0.021,0.029,0.021,14.0038,0.0172,13.045,,12.64,,12.404,,12.1952,0.0074,,,,,,,,,,,,,,,,,4515.665,4.5254,-1.1776,0.8259,0.6247,0.8209,0.4828,0.3381,0.6952,MARCS,0.0
64449321467581056,true,true,true,166.91196103330367,-25.56734572837206,55.50707154580541,0.0594449,22.39060459879524,0.04042658,7.5227639640978365,0.06459279,21.50447046062442,0.07476213,-46.90881537959989,0.052851208,0.20356347,-0.086077094,0.16050537,-0.34473658,-0.014511505,-0.39353412,0.014895908,0.08501865,0.17544472,-0.061090626,16.414602,18.123177,15.152911,0.0013124889202000337,0.017298679143279764,0.003376124400524763,,,1.0223658,0.0,31,2.9702654,1.2616911,13.332,12.712,12.427,0.022,0.022,0.021,18.5741,0.007,17.277,0.0053,15.705,0.0084,14.983,0.0078,14.639,0.0058,,,,,,,,,,,,,,,,,3316.831,4.7752,-0.1378,1.2219,0.7654,1.1674,0.6587,0.5087,0.4002,MARCS,0.0
65674383581036800,true,true,true,168.06774209950137,-23.36871772171557,57.96320232011635,0.032813072,23.294606604742206,0.019415641,7.3552931632241805,0.034577947,18.71857105545529,0.042373694,-46.02887604433456,0.024966475,-0.0069240504,0.14919089,0.11921532,-0.24593157,0.11059424,0.01017369,0.036048315,0.5582994,0.23644628,-0.12280571,15.41097,16.859787,14.228603,8.511110145062044E-4,0.006127759277053289,0.001754539359255677,0.15321065,7.318769,0.9858418,0.0,31,2.6311836,1.1823664,12.615,11.978,11.72,0.026,0.025,0.023,17.173,0.0029,15.9975,0.0038,14.7167,0.0014,14.1158,0.0035,13.8178,0.0023,,,,,,,,,,,,,,,,,3460.1062,4.7026,-0.1183,0.8053,0.5236,0.7747,0.4413,0.3335,0.4929,MARCS,0.0
69585140280997760,true,true,true,162.25554180411117,-24.383218284373136,52.824851336654994,0.014700754,26.028612640209293,0.010588643,7.216216413017743,0.016721094,21.066410910028186,0.018045079,-43.68222051970024,0.013648675,0.1291928,0.10032728,0.369951,0.062204883,0.05811202,0.06943377,-0.02477924,0.35455975,0.22545305,0.25056222,12.308469,12.876274,11.595516,0.0010540390238353528,0.003697079509051979,0.0026276850629990078,3.287578,1.5245997,1.1418533,0.075470425,31,1.2807579,0.7129526,10.724,10.169,10.037,0.023,0.026,0.018,13.104,,12.34,,12.038,,11.88,,11.777,,,,,,,,,,,,,,,,,,4767.8105,4.5659,-0.271,0.2724,0.2118,0.273,0.1609,0.112,0.7229,PHOENIX,0.0
66782897460055424,true,true,true,166.31407400394582,-23.269999013476205,56.74397999975443,0.04764007,24.46092173710442,0.031551618,7.467139144883223,0.048534807,19.301604877866893,0.068548776,-46.139399761153214,0.04347155,-0.11007099,-0.06406029,-0.1052225,-0.06830498,-0.026381126,-0.10256689,-0.036560405,0.23308128,-0.07331773,-0.049502682,16.011278,17.626322,14.772564,0.0010213473528313426,0.013406272502469336,0.002254928784049943,,,1.0880636,0.104613155,31,2.8537579,1.2387142,13.037,12.362,12.158,0.029,0.03,0.019,18.0531,0.0137,16.8429,0.0047,15.3106,0.006,14.6323,0.0035,14.2977,0.0023,,,,,,,,,,,,,,,,,3371.5708,4.8173,0.0756,0.9506,0.6017,0.915,0.5143,0.4008,0.4271,MARCS,0.0
53563915834929024,true,true,true,171.1725783491772,-21.483180252126342,61.61898889217196,0.05517467,22.616473420769246,0.031463165,6.574747142581308,0.06320503,16.040713765873694,0.07136776,-41.0852487464043,0.042252686,-0.059720706,0.22454453,-0.19962418,-0.4147273,0.20571512,-0.3230496,-0.037466653,0.46958742,0.3266153,-0.40130457,16.081085,17.67962,14.860741,8.870617309334544E-4,0.008745101241064781,0.002135574869296207,,,0.982707,0.0,31,2.81888,1.2203445,13.092,12.453,12.123,0.021,0.024,0.02,18.1047,0.0055,16.7522,0.0035,15.3818,0.002,14.7206,0.0018,14.4056,0.0023,,,,,,,,,,,,,,,,,3401.863,4.4817,-0.586,1.2949,0.831,1.2345,0.7063,0.5282,0.4959,MARCS,0.0
69859124835119360,true,true,true,165.59709592041636,-22.913674982898254,56.46653993674255,0.06508618,25.16698929532755,0.04560206,7.368127350969552,0.076481946,18.782484712686713,0.083846875,-45.49913875760345,0.05560042,-0.076338805,-0.023774287,0.1806764,-0.18255359,0.06880605,-0.29077253,-0.02267839,0.22734737,0.3386978,-0.1824343,16.831028,18.674034,15.549652,0.0013205693691220226,0.02887217237554041,0.003364283684205105,,,0.92855597,0.0,31,3.124382,1.2813759,13.682,13.053,12.811,0.024,0.033,0.023,19.0346,0.0131,17.7626,0.0033,16.1122,0.0043,15.3402,0.0036,14.9673,0.0048,,,,,,,,,,,,,,,,,3240.0266,4.8944,0.1163,1.0795,0.6628,1.0368,0.5757,0.4611,0.3593,MARCS,0.0
67732257029618048,true,true,true,165.6886351102679,-25.5860430063491,54.59755350922265,0.02482592,23.107846178922333,0.015906205,7.41348516289367,0.025197025,21.57072434828168,0.031425435,-45.486146541863064,0.019997183,-0.031077245,-0.16196789,0.06057443,-0.4136505,0.17261708,-0.33260348,0.13986716,0.12332201,0.24472234,-0.11270717,14.31126,15.404963,13.273613,0.0018060687956890566,0.00802889590478624,0.0042905235679916495,10.485627,6.0773253,1.1676027,0.063373365,31,2.1313496,1.0376472,11.899,11.247,11.036,0.021,0.023,0.019,15.7793,0.0044,14.561,0.0052,13.7431,0.0092,13.279,0.0014,13.071,0.0036,,,,,,,,,,,,,,,,,3786.75,4.6258,-0.1896,0.6605,0.4561,0.6349,0.3731,0.2618,0.598,MARCS,0.0
70462688000922880,true,true,true,164.9243153312567,-21.50957437536921,56.99008522853177,0.021362381,26.629052685627993,0.012366682,7.56666014095888,0.020971194,19.924911254896276,0.032539006,-47.516873975998095,0.01671395,-0.07946446,-0.0485715,-0.07301465,-0.26913667,0.01836494,-0.1349197,-0.008496899,0.40335283,0.119639665,-0.0064429143,11.462444,11.919838,10.843832,7.167490227141021E-4,0.0021634515177189877,0.0015634394620397676,3.2567935,0.76183164,0.8562191,0.11842952,31,1.0760059,0.6186123,10.132,9.71,9.609,0.019,0.021,0.017,12.154,,11.559,,11.312,,11.185,,11.123,,,,,,,,,,,,,,,,,,5223.924,4.5878,0.0212,0.2257,0.182,0.231,0.1345,0.0964,0.778,MARCS,0.0
63989691247627776,true,true,true,167.8352351149766,-25.23765712635927,56.413086086113154,0.10381142,22.072941790439312,0.07703518,7.595165178454831,0.11115422,20.3006957339678,0.13716105,-45.655047436779554,0.099042945,0.2159056,0.16363372,-0.2553503,-0.08436954,0.17751056,-0.20877036,0.18502913,0.5684102,0.16647908,-0.1250731,17.306427,19.28531,15.999539,0.001505150981230441,0.03052242040985262,0.00668600641226667,,,1.0100056,0.0,31,3.2857714,1.3068876,14.071,13.382,13.086,0.027,0.03,0.023,19.6656,0.0108,18.3572,0.0104,16.6043,0.0039,15.7911,0.0027,15.3871,0.0024,,,,,,,,,,,,,,,,,3182.3855,4.9391,0.0643,1.1871,0.72,1.135,0.6301,0.5049,0.3163,MARCS,0.0
70334384440377472,true,true,true,164.36824634804697,-21.90007331874136,56.267614732161,0.06171962,26.67893635265186,0.046418127,7.298202957063744,0.068067715,20.27005069560436,0.07952121,-46.1055272257311,0.061172895,0.19172348,0.11681024,0.2191802,-0.088762335,0.21590352,-0.18646145,0.17306599,0.32279047,0.1710637,0.06368641,16.74325,18.510948,15.463856,0.0011664027214072473,0.020992694240674122,0.004175251498861672,,,0.96633023,0.0,31,3.0470924,1.2793941,13.595,12.954,12.735,0.029,0.033,0.027,18.9261,0.0073,17.6426,0.0042,16.0298,0.0031,15.279,0.0038,14.915,0.0042,,,,,,,,,,,,,,,,,3256.6719,4.8935,0.096,0.9945,0.6145,0.9558,0.532,0.4239,0.3611,MARCS,0.0
64922283267331968,true,true,true,167.6333416469359,-23.833109944649628,57.3013765497648,0.016751427,23.228140474524007,0.011185235,7.450991731973961,0.018298406,19.729432027709375,0.020170998,-46.0451440559743,0.014120278,0.19933337,0.08084406,0.21032645,-0.21549508,0.008021222,-0.25004414,0.09321349,0.4675638,0.039611515,-0.24076,13.63343,14.518898,12.701284,0.001304875591282732,0.00474445595362253,0.0033326840559161704,7.589561,2.6501663,1.1251582,0.053032905,31,1.8176136,0.9321451,11.505,10.804,10.664,0.02,0.022,0.017,14.9305,0.011,13.7508,0.003,13.152,,12.869,,12.6528,0.0062,,,,,,,,,,,,,,,,,4132.6587,4.6635,0.1141,0.5427,0.3913,0.5253,0.3129,0.2125,0.6155,MARCS,0.0
66523103479455744,true,true,true,166.91338913786703,-23.347266229718695,57.1327139051166,0.0714056,24.0328031975566,0.04398387,7.1438013870737755,0.07595504,18.53827523276147,0.099425465,-44.38353799103615,0.055569828,-0.049502224,0.046316992,-0.13615958,-0.27186757,0.056158096,-0.0879109,-0.023975506,0.37706706,0.33344153,0.039764807,16.80336,18.574518,15.532686,0.00181187770664662,0.03658066746276043,0.005213497932448215,,,0.99710137,0.0,31,3.041832,1.2706738,13.743,13.137,12.849,0.024,0.025,0.031,18.9307,0.0092,17.6269,0.0085,16.0808,0.0073,15.3456,0.0022,15.0137,0.0033,,,,,,,,,,,,,,,,,3284.3484,4.8755,-0.0251,1.1398,0.7095,1.0896,0.6125,0.4771,0.3593,MARCS,0.0
65844361206181376,true,true,true,168.15227332234548,-21.932058282027896,59.10811041445935,0.023026217,24.280794607195674,0.01228499,7.185120293680008,0.023313658,18.2714406518312,0.029103335,-45.33992631001985,0.015919866,0.010633613,0.07856377,-0.25517026,-0.34444416,0.13376991,-0.2730679,0.050285004,0.58774316,0.19480208,-0.29045832,14.184004,15.221865,13.170077,0.001020789407827629,0.004395621017973935,0.002772463014423447,16.393808,9.345286,1.0593263,0.0,31,2.0517874,1.0139265,11.913,11.177,11.011,0.021,0.02,0.02,15.645,0.0111,14.4609,0.0087,13.7617,0.0376,13.2436,0.0048,13.048,0.006,,,,,,,,,,,,,,,,,3932.5012,4.6683,0.0908,0.703,0.4916,0.677,0.3995,0.2775,0.6039,MARCS,0.0
72023341675567360,true,true,true,162.4563508399165,-19.838035470149116,56.26688321935137,0.017429201,29.407111654291896,0.011722857,7.850489599498317,0.01863656,22.04280082910119,0.021569127,-49.3703565419933,0.014972988,0.18916285,0.09757932,0.25041595,-0.19806263,0.19677012,-0.13265544,0.23191217,0.42464146,-0.017406994,0.0017389975,13.568679,14.451489,12.642019,4.927290663889709E-4,0.0035968226369486453,0.001368872075756051,1.854482,1.9652531,1.0801162,0.0,31,1.8094702,0.9266596,11.488,10.821,10.646,0.029,0.03,0.02,14.8325,0.001,13.6736,0.0103,13.187,,12.869,,12.6102,0.0039,,,,,,,,,,,,,,,,,4110.354,4.6586,0.0011,0.5425,0.3911,0.5246,0.3129,0.2116,0.6064,MARCS,0.0
64667535869958784,true,true,true,166.31756424681436,-25.35431044159589,55.2270611799686,0.07457385,22.9069549713295,0.05510729,7.198159429661968,0.08160863,19.80067674453128,0.09651093,-44.30913428211956,0.070285425,-0.017584216,0.03428637,0.05298666,-0.08124273,0.086260684,-0.2521804,0.06022795,0.30512467,0.039820198,-0.14264107,17.04338,18.909876,15.755333,0.0014382557638662455,0.028651708239744493,0.004002255434818657,,,0.96593577,0.0,31,3.154543,1.2880478,13.888,13.312,12.999,0.026,0.029,0.027,19.3054,0.0187,18.0153,0.004,16.3241,0.0031,15.5506,0.0023,15.182,0.0052,,,,,,,,,,,,,,,,,3212.4414,4.9218,0.0723,0.9937,0.609,0.9533,0.5297,0.4237,0.3339,MARCS,0.0
53174379482675456,true,true,true,171.19784758480557,-21.90687916613368,61.30723114703306,0.061493937,22.304919336011498,0.03803782,7.3118246583912,0.066250704,17.188156184577032,0.081298836,-46.42606879718156,0.045901924,-0.01874197,0.15252371,0.24491781,-0.1006456,0.10424737,0.017404027,0.024627328,0.65172565,0.06780414,-0.11409523,16.657433,18.613056,15.337592,8.588271517501415E-4,0.016236529957991495,0.002593656386510085,,,1.0012954,0.116806954,31,3.275464,1.3198404,13.367,12.719,12.412,0.024,0.025,0.023,19.0793,0.0055,17.6631,0.0044,15.9389,0.0019,15.1277,0.0047,14.7206,0.0052,,,,,,,,,,,,,,,,,3359.3528,4.8118,0.1616,1.8738,1.1524,1.7859,1.0015,0.7844,0.4336,MARCS,0.0
68262973252098304,true,true,true,165.6141578986138,-24.295011120944444,55.47065675738656,0.096508995,24.12341385042586,0.06871003,7.2730943367033065,0.10837309,19.99213843563659,0.14747542,-46.07738211039895,0.09355751,-0.09586053,0.04446984,-0.14959623,0.2253281,-0.13792793,0.06959435,-0.16811477,0.49642432,-0.26926744,0.23177902,17.22576,19.043566,15.952443,0.0015257605704332912,0.03448165804563139,0.006161258498385675,,,1.0468141,0.04779742,31,3.0911226,1.2733164,14.078,13.5,13.252,0.03,0.038,0.037,19.4375,0.0126,18.1211,0.0055,16.4968,0.0034,15.766,0.0027,15.4006,0.0031,,,,,,,,,,,,,,,,,3262.8816,4.9556,-0.1149,1.2041,0.7468,1.1474,0.6463,0.5011,0.3046,MARCS,0.0
68296650092601088,true,true,true,165.69497691037654,-23.743591186275964,55.93219893605275,0.03281332,24.487532595140085,0.022640739,7.324938514001506,0.038560495,19.112839839652107,0.04018363,-46.1780430803015,0.026716541,0.07816573,0.08658153,0.289674,-0.09161366,0.08198578,-0.1800019,0.0027247104,0.2804835,0.3198189,-0.018115487,15.147523,16.500673,13.995567,8.076630008123805E-4,0.0050576605963771875,0.002179106744630923,-10.765163,12.15178,1.1733079,0.12970969,31,2.505106,1.1519556,12.384,11.727,11.462,0.023,0.029,0.018,16.8902,0.0049,15.6557,0.0067,14.4559,0.0034,13.9137,0.0035,13.6424,0.0022,,,,,,,,,,,,,,,,,3518.9102,4.5838,-0.4281,0.8401,0.5554,0.8064,0.4643,0.342,0.5417,MARCS,0.0
70049477786093056,true,true,true,164.95086368085427,-22.14414956829507,56.53968722097999,0.020917231,26.138648534145094,0.014618979,7.485472360190818,0.022358008,20.089646263149955,0.024185034,-45.749888817886266,0.018253962,0.106417544,-0.16260746,0.28212023,-0.26529798,0.050177354,-0.35031578,0.14397483,0.13245937,-0.01715507,-0.14937006,11.516263,12.07956,10.807908,5.938570901095132E-4,0.001335375206435584,8.680033606146275E-4,4.511253,1.7848504,1.1745491,0.14173277,31,1.2716522,0.70835495,9.968,9.42,9.301,0.027,0.031,0.021,12.2781,0.001,11.595,0.0344,16.187,0.0052,10.9923,0.0362,11.6019,0.0891,,,,,,,,,,,,,,,,,4662.918,4.4067,-0.1084,0.1417,0.11,0.1418,0.0837,0.0581,0.9905,MARCS,0.0
65688539793220480,true,true,true,167.85563226505664,-23.1599653530905,57.96486380442858,0.10872217,23.58017097963821,0.058615845,7.326865311897123,0.11028499,20.0452507330728,0.14771363,-47.20577088380842,0.07710268,-0.07448146,0.090317026,-0.14520748,-0.35819665,0.1273528,-0.04457849,0.011401521,0.5339091,0.28328064,-0.19152044,17.595358,19.512072,16.273886,0.0010025598320677089,0.03681205119623146,0.005280357681540488,,,1.0502069,0.23505124,31,3.238186,1.3214722,14.331,13.698,13.386,0.034,0.032,0.033,19.9567,0.0033,18.638,0.0041,16.8648,0.0066,16.0467,0.0027,15.6423,0.0041,,,,,,,,,,,,,,,,,3165.8767,4.9494,0.0627,1.1244,0.6803,1.0753,0.596,0.4792,0.3066,MARCS,0.0
67878663874731136,true,true,true,164.38108381502744,-26.424954385460495,53.03286449262046,0.046545602,23.232426220974702,0.034483593,7.168445713233685,0.05081612,19.906129194404684,0.057652894,-42.53063851459348,0.041712355,0.1133695,0.12038751,0.16248176,-0.23180395,0.09492636,-0.16813721,0.030210359,0.1540095,0.15491422,0.10648409,16.109005,17.726307,14.876077,0.001856903520771048,0.020875533165110458,0.0053778732067654,,,1.0598495,0.13211311,31,2.8502302,1.2329283,13.135,12.486,12.254,0.023,0.021,0.02,18.1006,0.0116,16.8809,0.0038,15.4098,0.0025,14.746,0.0021,14.3984,0.0037,,,,,,,,,,,,,,,,,3357.334,4.7214,-0.1853,1.0242,0.6504,0.9819,0.5553,0.4266,0.4379,MARCS,0.0
66612473157921024,true,true,true,167.65627997980107,-21.963272548115015,58.71911266637741,0.015785804,24.57605411468916,0.008963048,7.208138391902515,0.016893439,18.67246102022614,0.018988704,-43.91358350807733,0.011543541,0.10162125,0.048935756,0.06897605,-0.17967796,0.0017012866,-0.2551955,0.04011669,0.6233218,0.106251635,-0.27589405,12.603814,13.40438,11.729854,7.219140081411001E-4,0.002629445450466395,0.0016339452750048994,6.54764,7.5714383,1.0526134,0.055726565,31,1.6745262,0.8739605,10.635,9.991,9.831,0.022,0.021,0.016,13.7659,0.0163,12.725,,12.265,,11.977,,11.819,,,,,,,,,,,,,,,,,,4304.135,4.4702,0.2809,0.4985,0.3671,0.4853,0.2901,0.1952,0.8908,MARCS,0.0
66556672943906688,true,true,true,166.9183659469222,-22.95454189320439,57.42804497400579,0.05104838,24.318568409932812,0.039232846,7.469814986220502,0.060929585,20.446787681446676,0.06570722,-47.8397668094135,0.05457465,0.4456703,0.32217917,0.1060465,-0.017763223,0.1787035,-0.32302198,0.31367457,0.7394236,-0.07400739,-0.41414773,16.043076,17.807573,14.758016,7.52999025247752E-4,0.013895173174164693,0.0022240962903190054,,,1.1767701,0.19644932,31,3.0495577,1.2850599,12.828,12.267,11.998,0.03,0.039,0.018,18.2145,0.0066,16.9602,0.0053,15.3332,0.0027,14.5667,0.002,14.2064,0.002,,,,,,,,,,,,,,,,,3322.8125,4.7101,0.1226,1.2305,0.7633,1.1839,0.6594,0.5245,0.4885,MARCS,0.0
64104933811828480,true,true,true,168.36528031627236,-23.65999533097927,57.96086681799793,0.039448053,22.89551471851388,0.025801076,7.315539042944565,0.04423047,18.2409132166166,0.05016511,-44.87318051720924,0.035216637,0.22177438,0.18754198,0.2855358,-0.065583296,0.07478523,-0.069246694,0.17370273,0.65441215,0.10081234,-0.24118622,15.906264,17.47367,14.68459,7.375720095598277E-4,0.010482029017355093,0.001619790678117594,,,1.0408431,0.057165325,31,2.7890787,1.221674,12.972,12.297,12.06,0.025,0.023,0.023,17.8973,0.0087,16.5893,0.0013,15.1975,0.0018,14.5476,9.0E-4,14.2245,0.0032,,,,,,,,,,,,,,,,,3320.513,4.4137,-0.6757,0.9749,0.622,0.9335,0.5298,0.4038,0.4683,MARCS,0.0
69575313395795584,true,true,true,162.60499225883464,-24.16706663151757,53.251652541764635,0.017719692,25.995840734677515,0.0132947005,7.449186455944259,0.021911759,21.270234124855293,0.019698905,-45.856661648375805,0.014685864,0.0716959,-0.040637314,0.38135937,-0.048439257,0.18325122,-0.36452255,0.074077785,0.316216,0.27214444,-0.031442787,12.616145,13.276678,11.838497,7.661034874702842E-4,0.003985720821678319,0.001875182863570731,3.9493437,1.0033054,1.1084311,0.070568144,31,1.4381809,0.777648,10.862,10.249,10.128,0.021,0.022,0.018,13.406,,12.569,,12.244,,12.071,,11.951,,,,,,,,,,,,,,,,,,4537.598,4.616,0.1413,0.3215,0.2442,0.3173,0.1891,0.1282,0.6914,MARCS,0.0
66930403817997696,true,true,true,166.32150501367974,-22.24852568801263,57.50781770847946,0.06826054,25.211222315495508,0.033314425,7.3111335986996,0.06535202,18.13843096158596,0.08797633,-46.09848832840133,0.04510397,0.18539625,0.1930154,-0.21648234,-0.5048994,0.07849216,-0.13603681,0.06860658,0.6008459,0.25836378,-0.23740622,16.304043,18.003853,15.056395,0.001572895313323677,0.013675693071226066,0.00410792683053833,,,1.0151677,0.11230935,31,2.9474583,1.2476482,13.276,12.661,12.42,0.022,0.022,0.026,18.3209,0.0086,17.0634,0.0168,15.5645,0.004,14.8785,0.0056,14.5674,0.004,,,,,,,,,,,,,,,,,3317.3264,4.7641,-0.1191,1.0203,0.642,0.978,0.5508,0.4273,0.4105,MARCS,0.0
53140397701490176,true,true,true,171.28543223646585,-22.19493471280971,61.14502945132946,0.06788967,22.04606676888461,0.034549095,7.307982320906292,0.07527188,18.340497580585364,0.068498015,-45.891860091313674,0.041253302,0.06263975,0.054670114,0.52233046,-0.05785454,-0.028360453,-0.04543131,0.11003451,0.6526911,0.14478318,-0.23182936,16.594816,18.358774,15.320143,8.672723880922803E-4,0.027522817980155177,0.003149422417161356,,,0.9994528,0.0,31,3.0386314,1.2746735,13.439,12.816,12.529,0.024,0.027,0.023,18.7724,0.0215,17.4631,0.0072,15.8718,0.0028,15.1247,0.0066,14.7855,0.0037,,,,,,,,,,,,,,,,,3312.6565,4.7681,-0.0931,1.3322,0.8305,1.2722,0.7167,0.5556,0.4072,MARCS,0.0
69856272976786560,true,true,true,165.6343313270785,-22.640011215895722,56.69669194844695,0.06329841,25.347943524190065,0.04489155,7.555849500708871,0.06928991,20.876022360362242,0.091546774,-46.92357841710108,0.059374213,0.07338206,0.037491135,0.010309211,-0.1257817,-0.021757469,-0.16923012,-0.0586808,0.29341626,0.21558772,0.13980608,16.592688,18.488428,15.294246,0.0010802093512750734,0.01579346328940411,0.0028347290723351832,,,1.0601027,0.18992403,31,3.1941824,1.2984419,13.406,12.765,12.532,0.024,0.028,0.027,18.8642,0.0092,17.5711,0.006,15.8652,0.0029,15.0832,0.0031,14.6916,0.0046,,,,,,,,,,,,,,,,,3277.9304,4.8536,0.1782,1.2756,0.7828,1.2257,0.6801,0.5456,0.3939,MARCS,0.0
68303659479211776,true,true,true,165.70120410245,-23.602274130610667,56.04008371332776,0.041700393,24.589372669344755,0.031227065,7.234274294425554,0.04615596,20.89388577967105,0.056015063,-44.314259118680184,0.040558103,0.051582668,0.1423856,0.059716534,-0.19679433,0.14499687,-0.2320172,0.060841158,0.27081212,0.1636225,-0.050119437,15.863776,17.4033,14.655067,7.023825455917418E-4,0.0096457358555764,0.001974377830381788,,,1.0643665,0.06376681,31,2.748232,1.2087088,12.931,12.321,12.118,0.024,0.031,0.025,17.7769,0.0141,16.532,0.0023,15.1615,0.0021,14.5285,0.0038,14.2196,0.0032,,,,,,,,,,,,,,,,,3385.959,4.5295,-0.5522,1.0418,0.6703,0.9967,0.5686,0.4281,0.4675,MARCS,0.0
69904101732529408,true,true,true,164.99460053079477,-23.11059714131219,55.86311858120914,0.018713994,25.387387734138116,0.013946692,7.173660816351542,0.020604732,20.239121616848287,0.02452334,-44.00363001302027,0.01763025,-9.3544426E-4,0.059631955,0.21709736,-0.10643663,-0.05592332,-0.22630753,-0.1217882,0.101320244,0.1368495,0.026048416,11.151539,11.597602,10.534244,0.0018067575916805606,0.005122683394801457,0.003984522142807273,3.3623624,2.0829256,1.0701579,0.1286327,31,1.0633583,0.61729527,9.752,9.311,9.218,0.022,0.028,0.023,11.588,,11.027,,10.843,,10.77,,10.717,,,,,,,,,,,,,,,,,,5517.682,4.4375,-0.5546,0.4899,0.4012,0.509,0.292,0.2169,0.9287,MARCS,0.0
64128294135554688,true,true,true,167.87047604775918,-24.44087150691317,57.023886074906926,0.06123328,22.635778085249903,0.044155523,7.267997117214958,0.07013673,19.48222424687009,0.0777619,-45.44550891815411,0.054179914,0.160441,0.18961124,0.2093208,-0.104588896,0.05532717,-0.14985526,0.02842859,0.41122088,0.20345427,-0.11505812,16.372732,18.10094,15.113349,0.0021738542468894852,0.01785638492126636,0.005376358763920377,,,1.0750756,0.19347489,31,2.9875917,1.2593832,13.279,12.713,12.399,0.028,0.024,0.02,18.5841,0.0457,17.2733,0.0149,15.6557,0.0083,14.9058,0.0015,14.5603,0.0024,,,,,,,,,,,,,,,,,3321.224,4.8431,0.108,1.0136,0.6334,0.9755,0.545,0.4305,0.4016,MARCS,0.0
68458514523905408,true,true,true,164.3819079918853,-24.49904000941457,54.392500153283585,0.11157763,24.704074258298697,0.08027846,7.192328275553237,0.11416299,20.078843408301385,0.15030865,-44.22225444994749,0.107650004,-0.06436157,-0.04986663,-0.14600652,0.02607821,-0.018817024,-0.04235183,-0.00344057,0.30196986,-0.016606543,0.110697396,17.69337,19.63906,16.394808,0.0014880266827664208,0.041406741359125004,0.005885496587643625,,,0.97433466,0.0,31,3.2442513,1.298563,14.386,13.789,13.544,0.03,0.03,0.037,20.0055,0.0143,18.7299,0.0051,16.9778,0.0032,16.165,0.0042,15.7767,0.0029,,,,,,,,,,,,,,,,,3136.074,4.9858,-0.0252,0.9831,0.5939,0.939,0.5209,0.4182,0.2693,MARCS,0.0
66997817623367296,true,true,true,167.73430120244433,-21.540379918229853,59.09798263641725,0.016406257,24.832217396903733,0.008895697,7.164820193342342,0.017011344,17.884856597474325,0.018582521,-43.8422992957959,0.011656736,0.1957373,0.048355397,0.39708918,-0.32204747,-0.013925367,-0.12700567,0.1185841,0.4449367,5.96809E-4,-0.17260689,13.447046,14.2666445,12.555357,0.0017343095913169237,0.006900827808024367,0.004302913620171874,0.559973,2.288989,0.9929499,0.0,31,1.7112875,0.8916893,11.374,10.711,10.547,0.02,0.024,0.016,14.6193,0.0034,13.5624,0.0255,13.036,,12.732,,12.5698,0.0045,,,,,,,,,,,,,,,,,4263.9,4.6586,0.0283,0.4236,0.309,0.4112,0.2452,0.166,0.6358,PHOENIX,0.0
65010519075247616,true,true,true,166.92114499497632,-23.74476427150093,56.84458758907592,0.047803715,23.73506530393574,0.03654658,7.481431550014758,0.05813675,20.220945081172403,0.06310185,-45.791995280139076,0.045618996,0.14236812,0.01956181,0.24995075,-0.117026664,0.0075170803,-0.355863,-0.12521376,0.022397604,0.3519149,0.04292745,16.342907,18.058958,15.08565,0.0017545034368868875,0.019704074478184196,0.004832828277980936,,,0.91359335,0.0,31,2.9733076,1.2572565,13.281,12.701,12.445,0.023,0.026,0.023,18.4137,0.0103,17.2132,0.0095,15.6213,0.0032,14.9094,0.0018,14.5606,0.0032,,,,,,,,,,,,,,,,,,,,,,,,,,,0.0
65783029073414144,true,true,true,168.36745926901452,-22.179496697941865,59.077544104505236,0.024918074,23.964214301726617,0.015479292,7.444990183139546,0.026032036,18.991027601357587,0.035082318,-46.59379000993002,0.021175466,0.21648508,0.10151891,0.12440494,-0.2396423,0.09066077,-0.16375934,0.18949161,0.5956618,0.0037405589,-0.2022876,14.732029,15.968925,13.63122,7.278658823093735E-4,0.0036395453714334887,0.0018412314561907647,0.5800543,6.857909,1.073541,0.039879367,31,2.3377056,1.1008091,12.175,11.508,11.277,0.021,0.024,0.018,16.3984,0.0116,15.1369,0.0034,14.0778,0.0084,13.5989,0.0013,13.3588,0.0058,,,,,,,,,,,,,,,,,3696.2427,4.6984,0.0373,0.8137,0.5489,0.782,0.4543,0.3277,0.5503,MARCS,0.0
71404385348752768,true,true,true,162.72899677557987,-21.453236994596292,55.295733666287504,0.02216703,28.011213358376022,0.016708696,7.2422769241224,0.024898821,19.93982773250883,0.026147887,-44.7763179046601,0.022927774,0.21981414,0.04336369,0.38691974,0.026109576,0.2116924,-0.21198764,0.18835261,0.42050034,0.07351921,0.10720969,13.804359,14.908464,12.760579,5.115222704278423E-4,0.0022155864838571803,0.0011880863659836142,5.4401956,2.6958966,1.2982919,0.0834184,31,2.1478853,1.0437803,11.416,10.745,10.53,0.023,0.026,0.02,15.3342,0.0031,14.0774,0.0023,13.387,,12.939,,12.5849,0.0029,,,,,,,,,,,,,,,,,,,,,,,,,,,0.0
67352066526730240,true,true,true,166.3302075939733,-21.38579791958734,58.16220136420259,0.050694272,25.840244145086956,0.02941903,7.515898557915286,0.05119948,20.317399685234925,0.06962682,-45.71550048962557,0.03853139,0.03477529,0.10777761,0.019357668,-0.22523795,0.007334541,-0.0057199546,-0.03889993,0.5107917,0.14859457,-0.03152623,16.171669,17.833359,14.916925,0.0012356086991723953,0.014596118309300504,0.003303749083211261,,,1.0450416,0.14041229,31,2.9164333,1.2547436,13.129,12.502,12.215,0.024,0.03,0.021,18.2911,0.0058,16.9981,0.0092,15.4982,0.0079,14.7748,0.0035,14.4459,0.003,,,,,,,,,,,,,,,,,3378.5745,4.8289,0.0568,1.1559,0.7299,1.1084,0.6251,0.4832,0.4196,MARCS,0.0
51391658816356608,true,true,true,171.38788148021615,-24.44265406483174,59.49378311107562,0.07163477,20.405297383236228,0.04766345,7.614944207210018,0.07730563,18.553838418700664,0.09125402,-46.94812143276498,0.059630603,0.123195365,0.1978979,0.03154082,-0.13417743,0.17283602,-0.043242577,0.13537848,0.61188316,0.042634882,-0.1792332,16.93339,18.788616,15.6474905,0.0012463314562060697,0.021794149701109915,0.003191839016927668,,,0.96483535,0.0,31,3.1411257,1.2858992,13.758,13.197,12.955,0.024,0.026,0.027,19.1769,0.0126,17.8813,0.0058,16.2148,0.0029,15.4444,0.0027,15.074,0.0034,,,,,,,,,,,,,,,,,3225.2793,4.9189,0.074,1.0124,0.6219,0.9711,0.5402,0.4309,0.3387,MARCS,0.0
68265279651517056,true,true,true,165.63720488696418,-24.127206511497715,55.6096175581733,0.051288657,24.23535016563705,0.037535325,7.57228714125954,0.055348236,19.868715221579592,0.05988802,-46.09518805063374,0.045445357,0.17764509,0.2702807,0.31044126,-0.2096936,0.015843505,-0.0060600615,-0.040665932,0.10091668,0.05417061,0.05633902,16.258966,17.900425,15.005593,0.0022501206358568676,0.02332252545293448,0.008031400697370612,,,0.98980755,0.0,31,2.8948317,1.2533731,13.241,12.672,12.387,0.024,0.035,0.026,18.3431,0.0232,17.056,0.0173,15.5136,0.0029,14.8554,0.0029,14.501,0.0082,,,,,,,,,,,,,,,,,3341.2144,4.8579,0.0596,0.9487,0.598,0.912,0.5123,0.3998,0.3946,MARCS,0.0
69854348831573504,true,true,true,165.72919448045855,-22.698892433416628,56.725205994094026,0.028529435,25.24564655686341,0.022202004,7.177210726519302,0.033257093,19.379964752822495,0.036323443,-43.662358221933445,0.026946051,0.22666627,0.20568533,0.12587088,-0.1618156,0.057182256,-0.33344546,0.047752712,0.35216266,0.016435413,-0.12114903,15.038713,16.35539,13.906964,0.0010751577983923563,0.006183869267530847,0.003120203818104647,-6.767354,7.583995,1.0530971,0.0537881,31,2.4484262,1.1317492,12.409,11.71,11.489,0.026,0.03,0.022,16.7593,0.0081,15.5452,0.0072,14.3853,0.0026,13.8657,0.0028,13.6122,0.0029,,,,,,,,,,,,,,,,,3508.1182,4.419,-0.7279,0.755,0.5028,0.7241,0.4188,0.3053,0.5576,MARCS,0.0
69896473870624640,true,true,true,165.0373024081868,-23.232449963215938,55.80678409298201,0.021451505,25.2699292605034,0.015989095,7.479777791823296,0.022886818,20.009558000383134,0.028450347,-46.01546639608174,0.020776536,-0.026049687,0.021853393,0.05497635,-0.13820153,-0.037131336,-0.23231502,-0.06108723,0.07003137,0.036121584,0.054803304,11.959438,12.492394,11.258353,0.0023752248488855365,0.008775757682286492,0.006372591950827508,2.5198834,3.3902662,1.6470119,0.16909358,31,1.2340412,0.7010851,10.254,9.851,9.665,0.023,0.032,0.022,12.656,,11.944,,11.604,,11.401,,11.31,,,,,,,,,,,,,,,,,,5237.2964,4.5883,-0.269,0.6397,0.5107,0.6531,0.3796,0.2736,0.7312,MARCS,0.0
65677098000371712,true,true,true,167.89331464557853,-23.444595274567426,57.779677513231455,0.065659836,23.349183178047287,0.039068174,6.69801332118288,0.0668921,17.208624900521556,0.08379107,-41.877844853353125,0.051346015,-0.108984865,-0.05152806,0.27857253,-0.029171696,-0.11784747,-0.06733884,-0.12016991,0.64461184,0.15642373,-0.16529465,16.782677,18.485563,15.52881,8.718466096612807E-4,0.0170832116387926,0.0029069035208688257,,,0.9534129,0.0,31,2.9567537,1.2538671,13.723,13.121,12.84,0.023,0.03,0.024,18.8472,0.008,17.633,0.0036,16.0743,0.0026,15.3653,0.0021,15.0198,0.0024,,,,,,,,,,,,,,,,,3320.617,4.8805,0.0389,1.0326,0.6476,0.9902,0.5566,0.4334,0.3752,MARCS,0.0
68600321460320768,true,true,true,164.38555810732836,-23.59246430674023,55.0460741774819,0.08206045,25.39058935918636,0.05123504,7.544997506047376,0.08250757,20.391724290968668,0.114009514,-45.91124823550244,0.066230565,-0.015828514,-0.033138916,-0.012402138,-0.23599516,-0.07908863,-0.017336315,-0.08093888,0.26326695,0.13444594,0.0724523,16.925434,18.727976,15.65381,0.001152275619961924,0.026744890175682653,0.004516655870770561,,,1.0123941,0.17735668,31,3.0741663,1.2716246,13.778,13.211,12.89,0.028,0.033,0.031,19.0813,0.0129,17.8013,0.0064,16.2179,0.0018,15.4607,0.0027,15.1109,0.0045,,,,,,,,,,,,,,,,,3253.4731,4.9324,-0.0341,1.0689,0.6626,1.0214,0.5733,0.448,0.3245,MARCS,0.0
64441143849872512,true,true,true,166.9230468799358,-25.71008643909681,55.411994972363985,0.05690885,22.27773027977489,0.041515492,7.502620664779662,0.066151336,21.008023379143744,0.076477334,-44.60347297604497,0.05502749,0.090561904,-0.058763705,0.2005383,-0.17562908,-0.024947459,-0.35382092,-0.032033157,0.2090451,0.24784337,-0.18970178,16.556376,18.28812,15.294315,9.13381137690465E-4,0.020776542224702543,0.0032450713044389853,,,0.9225882,0.0,31,2.993805,1.2620602,13.481,12.878,12.603,0.021,0.023,0.023,18.6868,0.0081,17.4047,0.0035,15.8194,0.0034,15.1329,0.0016,14.7746,0.0041,,,,,,,,,,,,,,,,,3290.1267,4.668,-0.4062,1.1833,0.7424,1.1303,0.6384,0.4919,0.3884,MARCS,0.0
65643184938861312,true,true,true,168.45601339665598,-22.956445034441774,58.554286648334305,0.04137824,23.347269706275018,0.020109434,7.593239732644184,0.038974557,19.433131920141896,0.054338112,-46.78892199301689,0.026739402,0.032691263,0.036573052,-0.24111953,-0.49423474,-0.005454919,-0.09643283,-0.021012792,0.43949732,0.32489797,-0.118732564,15.459801,16.896822,14.279595,8.073816866374284E-4,0.006714945933606654,0.0018219610235295754,58.06234,13.967839,1.0476878,0.06869269,31,2.6172266,1.1802053,12.664,12.053,11.809,0.022,0.022,0.021,17.3311,0.0095,16.0907,0.0031,14.769,0.0047,14.186,0.0027,13.9107,0.0035,,,,,,,,,,,,,,,,,3513.1929,4.7814,0.0363,0.8764,0.572,0.843,0.4812,0.3618,0.4686,MARCS,0.0
71042439864623104,true,true,true,163.23310334653442,-22.65276956103265,54.826330715713276,0.017991172,26.793219430085944,0.012056583,7.363458335150091,0.019031681,20.26272089965141,0.02293483,-45.49681699821517,0.015724605,-0.053591132,0.016619701,0.09477766,-0.1593908,0.15520771,-0.063188724,0.094194636,0.2264429,0.09988398,0.19410534,13.478973,14.311723,12.58259,0.0013841221824362592,0.005946049103452853,0.0038584756469794484,4.250454,3.5122993,1.1605082,0.0522682,31,1.7291327,0.8963833,11.408,10.783,10.599,0.024,0.031,0.023,14.5763,0.0085,13.428,,12.989,,12.718,,12.5214,0.0032,,,,,,,,,,,,,,,,,4273.721,4.6789,0.0287,0.5047,0.3677,0.4894,0.292,0.1974,0.6206,PHOENIX,0.0
66791659193405952,true,true,true,166.33249083038513,-23.02150892610666,56.941383283337046,0.06762539,24.633524455345714,0.05417517,7.560485614137077,0.08593996,18.290355820768706,0.09542781,-45.16310974427681,0.079129286,0.47573805,0.07998594,0.19380198,-0.1791201,-0.053801946,-0.4598128,0.20651178,0.431652,-0.17720112,-0.39151764,16.691021,18.59326,15.390779,8.734728021894862E-4,0.022569943987055942,0.002868365705136589,,,1.1355588,0.30290306,31,3.2024813,1.3002424,13.461,12.848,12.592,0.026,0.025,0.027,19.0093,0.0164,17.7031,0.0046,15.9944,0.0028,15.19,0.0022,14.7819,0.0029,,,,,,,,,,,,,,,,,3276.268,4.8595,0.1738,1.3394,0.8208,1.2854,0.7138,0.5716,0.3903,MARCS,0.0
51391418298186368,true,true,true,171.42459449052598,-24.425214679937056,59.53209112589058,0.07766741,20.393801589985014,0.05409571,7.329226312355386,0.088110715,18.335675710578695,0.10076802,-44.40621533918134,0.07003908,0.22137912,0.19797552,0.0122757405,0.015541997,0.17740329,-0.24750844,0.2023497,0.6793211,0.025450895,-0.31952605,16.838625,18.57425,15.57638,9.529070250663937E-4,0.021005401435036965,0.003118941190828155,,,1.1058738,0.24827449,31,2.9978695,1.2622452,13.79,13.148,12.927,0.034,0.041,0.034,18.9572,0.017,17.6911,0.0047,16.1202,0.0024,15.3921,0.0018,15.0398,0.0042,,,,,,,,,,,,,,,,,3285.0425,4.9073,0.0169,1.032,0.6436,0.988,0.5549,0.4331,0.3512,MARCS,0.0
70010303387697024,true,true,true,165.6444941349408,-21.70248147812805,57.401390021101875,0.13212731,26.037727888727037,0.08747502,7.402525727526368,0.14160812,20.3860061379901,0.17729297,-44.998275638273896,0.11713224,0.15035109,0.14968488,0.11986744,-0.0049339486,0.064181075,-0.08349082,0.06719302,0.678511,-0.0875469,-0.18564337,17.725769,19.92374,16.391684,0.0014439847025316274,0.07185714450452078,0.005437391900273713,,,1.0504239,0.5149977,95,3.5320568,1.3340855,14.364,13.786,13.436,0.029,0.034,0.034,20.1771,0.0218,18.8077,0.0055,16.9987,0.0031,16.155,0.0038,15.7346,0.0041,,,,,,,,,,,,,,,,,3128.475,4.9631,0.0624,1.2513,0.7485,1.194,0.6598,0.534,0.2905,MARCS,0.0
69962719446879232,true,true,true,165.73711816187972,-22.08001968940436,57.1904090545785,0.037280418,25.70026259761734,0.023589045,7.418253803653885,0.041547816,18.322003904114005,0.042440232,-45.477806642304294,0.03136916,0.23274207,0.11535972,0.28701535,-0.17745213,0.062429205,-0.18773939,0.17844352,0.5417891,0.0519027,-0.26288307,15.570668,17.08781,14.370494,6.284577348005283E-4,0.007277110149580031,0.001686956058270727,,,1.0659646,0.041654635,31,2.7173166,1.2001743,12.628,11.97,11.683,0.023,0.022,0.017,17.4922,0.0069,16.1729,0.0049,14.8693,0.0019,14.2417,0.0021,13.9377,0.0033,,,,,,,,,,,,,,,,,3449.6045,4.5028,-0.5562,1.2033,0.7804,1.1489,0.6596,0.4893,0.5193,MARCS,0.0
64021680164106112,true,true,true,167.92608273311703,-24.777840934614897,56.81568747129195,0.050594237,22.354525329934713,0.038495235,9.118676744229727,0.057181347,24.26195461259705,0.06733268,-55.78773849715475,0.049436055,0.33636177,0.25569394,0.0790376,-0.2193347,-0.01941931,-0.29061657,-0.013753759,0.21365313,0.06323745,-0.0318289,16.345903,18.115408,15.065214,9.053813605037669E-4,0.01866882978535507,0.003205530403178081,,,0.8901241,0.0,31,3.0501938,1.2806892,13.222,12.682,12.374,0.023,0.022,0.021,18.4708,0.0063,17.239,0.0037,15.6174,0.0026,14.8715,0.0023,14.5035,0.0031,,,,,,,,,,,,,,,,,3242.4502,4.9037,0.0911,0.899,0.5551,0.8648,0.4807,0.3841,0.3521,MARCS,0.0
68606918530067072,true,true,true,164.39051482540447,-23.47349327108306,55.135840976768414,0.09351737,25.47778442647646,0.06315779,7.435514579666062,0.09669627,20.165172086635003,0.13120914,-46.174314775373645,0.088665396,-0.22978243,-0.074118465,-0.11265398,-0.03344016,-0.08462996,-0.034385294,-0.0912496,0.17054226,-0.14069103,0.17724474,17.212824,19.092867,15.919743,0.0015908859811983997,0.03897513714072321,0.005741062305188419,,,0.89566875,0.0,31,3.1731243,1.2930813,14.004,13.443,13.176,0.029,0.038,0.035,19.4384,0.0076,18.1688,0.0099,16.5019,0.0029,15.7108,0.0029,15.3305,0.0032,,,,,,,,,,,,,,,,,3203.641,4.9413,0.0305,1.0637,0.6509,1.0175,0.5669,0.4505,0.3161,MARCS,0.0
64131150292139648,true,true,true,167.8693360393503,-24.259656870074902,57.156918510526815,0.022121295,22.769113512032003,0.014228893,7.232192097987376,0.02286525,19.031578474328004,0.029613242,-44.591028325201925,0.019023916,0.06478102,0.13637592,-0.1661897,-0.4422261,0.14179464,-0.114804596,0.073812254,0.17874327,0.29871312,-0.1415749,13.846435,14.764159,12.827765,0.001499029685089496,0.005402572146333312,0.004086504559551933,-3.7897284,4.011717,1.3086542,0.06658132,31,1.9363937,1.0186691,11.502,10.825,10.65,0.021,0.022,0.017,15.1678,0.0041,13.9826,0.0029,13.246,,12.913,,12.7467,0.0058,,,,,,,,,,,,,,,,,4779.7607,4.6661,-0.5077,1.9591,1.4542,1.9256,1.1387,0.7869,0.6147,MARCS,0.0
64836349560719232,true,true,true,166.94230312356868,-25.110475092219353,55.86026602797908,0.05384533,22.711672189146565,0.040632725,6.610957727992528,0.05852737,18.264214130890196,0.071957774,-40.39133802245185,0.0528511,0.063300796,0.11611781,-0.054432582,0.05047402,-0.013636242,-0.094858065,-0.013149512,0.28712773,-0.110069074,0.03410487,16.080769,17.656956,14.872416,0.0017012345034442492,0.013312565616197067,0.0029619876265927388,,,1.113003,0.18807267,31,2.7845402,1.208353,13.16,12.516,12.269,0.019,0.023,0.021,18.0397,0.0092,16.7426,0.0053,15.3621,0.0114,14.7235,0.002,14.419,0.006,,,,,,,,,,,,,,,,,3361.3396,4.4934,-0.5661,1.0177,0.6523,0.9744,0.5543,0.4201,0.4692,MARCS,0.0
65605354866829184,true,true,true,168.48814979764566,-23.335631111625965,58.29240738957876,0.032983866,23.052790825962784,0.025221866,7.339353946453763,0.038846474,19.736552774957616,0.043649916,-46.53611248805149,0.03312954,0.24158865,0.18184932,0.057450224,-0.09376011,0.13785678,-0.37883717,0.1968322,0.60706365,-0.07680487,-0.39253497,15.395707,16.808872,14.223,7.202910038859534E-4,0.008271642459882829,0.002279278687910307,-6.3639827,6.9151735,1.0626303,0.07740089,31,2.5858727,1.1727076,12.578,11.952,11.668,0.024,0.022,0.018,17.2098,0.0094,15.9518,0.0043,14.7152,0.0025,14.1372,0.0022,13.8597,0.0018,,,,,,,,,,,,,,,,,3494.7686,4.597,-0.4499,0.9602,0.6303,0.9197,0.5291,0.3905,0.5094,MARCS,0.0
69498725538868352,true,true,true,163.31635057002242,-23.358789393918336,54.38397167008665,0.017602645,26.20363403536074,0.012871177,6.333807561798008,0.019594613,18.056898422838483,0.020774055,-39.17633679435553,0.016703285,0.02317444,-0.0045736707,0.2596149,-0.072867066,0.065006435,-0.12854058,0.009943557,0.1635128,0.16313772,0.09903429,13.689861,14.51047,12.803471,5.72766914672064E-4,0.0024272897773327607,0.0015136749998330124,3.4658318,3.704862,1.1618,0.028035518,31,1.7069998,0.8863907,11.69,11.059,10.892,0.022,0.022,0.017,14.8669,0.003,13.7141,0.0064,13.343,,12.9568,0.001,12.7872,0.0023,,,,,,,,,,,,,,,,,4251.2456,4.6253,0.0221,0.5578,0.4087,0.5418,0.324,0.2178,0.646,MARCS,0.0
66791483097102464,true,true,true,166.33416650462047,-23.065719520879593,56.90992716923971,0.08886912,24.599773115942277,0.06663983,7.089912221780614,0.09857245,19.552870790207542,0.11873307,-43.379289492686475,0.08866117,0.27788126,0.12131652,0.0795034,-0.14218664,-1.18145734E-4,-0.2493161,0.07298798,0.29317188,-0.043976016,-0.1494818,17.592712,19.536972,16.274693,0.0013490472238189867,0.03981689990797323,0.00476422197876298,,,0.9624747,0.0,31,3.2622795,1.3180199,14.304,13.727,13.467,0.032,0.042,0.041,19.8649,0.0143,18.5864,0.0082,16.8723,0.0057,16.0654,0.0048,15.6708,0.0047,,,,,,,,,,,,,,,,,3183.3342,4.9691,-0.0385,1.1722,0.7136,1.1171,0.6236,0.4936,0.288,MARCS,0.0
51284971828429440,true,true,true,171.45329090169315,-24.776048355474874,59.285912368679185,0.12417803,20.128416938501438,0.077653065,7.504703500712225,0.13746351,18.214969123950002,0.16907361,-45.31052789028319,0.10169318,0.055839036,0.10065718,0.0904742,-0.18027972,0.079842016,-0.11174929,0.08401599,0.5544448,0.13346885,-0.26548898,17.920094,20.00626,16.595749,0.0015615466753970285,0.05555029910786113,0.005953447417418625,,,0.960924,0.0,31,3.410511,1.3243446,14.609,13.973,13.716,0.028,0.043,0.048,20.3068,0.0266,19.0157,0.0047,17.1974,0.0037,16.3485,0.0025,15.9318,0.0058,,,,,,,,,,,,,,,,,3129.7927,4.9727,0.0303,1.2564,0.7526,1.1969,0.6631,0.5339,0.2818,MARCS,0.0
68300326584600448,true,true,true,165.64879334135853,-23.699202447891235,55.92983392964239,0.08462793,24.548798133876677,0.062095616,6.856196578912851,0.09720247,18.700534150326316,0.11509207,-42.47265477404482,0.07633957,-0.020684501,0.05261567,0.09423864,-0.1577411,0.017392747,-0.23980467,-0.08772065,0.15322234,0.33097398,-0.033693776,17.220604,19.123468,15.943714,0.0013172839163297617,0.0398230366729727,0.0052208426115909375,,,1.0279402,0.07581139,31,3.1797543,1.2768898,14.043,13.427,13.138,0.026,0.033,0.027,19.4346,0.0211,18.1472,0.0063,16.5188,0.0017,15.7331,0.004,15.3631,0.004,,,,,,,,,,,,,,,,,3237.3313,4.9243,0.0351,1.1783,0.7243,1.1261,0.6295,0.4966,0.3338,MARCS,0.0
68152820227358720,true,true,true,165.7484821039251,-24.721617964784578,55.26256117985148,0.04317149,23.72247915263373,0.029582476,7.500368854873981,0.048109494,20.539656838226605,0.052792262,-44.917294566974064,0.037831794,0.21833242,0.10985814,0.23712054,-0.3010076,-0.06189282,-0.17181988,-0.05071222,0.043497406,0.23845394,-0.07896613,15.784899,17.319324,14.580702,0.001889240700525878,0.013288697860293453,0.004454202822339096,,,1.0471059,0.051301986,31,2.7386227,1.2041969,12.915,12.277,12.003,0.021,0.023,0.022,17.703,0.0141,16.4846,0.0052,15.1107,0.0017,14.4664,0.0039,14.1699,0.0046,,,,,,,,,,,,,,,,,3338.4695,4.4463,-0.6676,0.8537,0.5483,0.8185,0.4652,0.3533,0.4584,MARCS,0.0
68150861722174848,true,true,true,165.3227585812147,-24.83086122228665,54.865972772521204,0.021499248,23.89479513531878,0.014926305,7.3887946659635775,0.025709353,21.164750174314186,0.026237397,-45.34759525391402,0.017974311,0.120452225,-0.017133027,0.19015986,-0.17225021,-0.012857545,-0.32879728,-0.11386449,0.06313542,0.36856267,0.012554566,11.304962,11.757917,10.692468,9.716990667370296E-4,0.002943764763337326,0.00213373448726173,5.0753083,0.62393606,1.0996524,0.13256867,31,1.0654497,0.61249447,9.957,9.556,9.475,0.026,0.032,0.02,11.923,,11.359,,11.119,,10.994,,10.939,,,,,,,,,,,,,,,,,,5284.9287,4.5111,-0.1517,0.266,0.2156,0.2735,0.1586,0.115,0.8423,MARCS,0.0
64021714523841280,true,true,true,167.93237260640262,-24.757474711940546,56.83519780827225,0.0796065,22.365563362379287,0.059681676,7.3267714619524815,0.087684184,19.471856841625943,0.097058006,-46.254349896532375,0.078045875,0.3300239,0.2605196,0.1851617,-0.15567498,0.15029716,-0.14259133,0.14781977,0.2962307,0.09061519,-0.0038765373,17.03976,18.95881,15.7275,0.0011986755882497171,0.028945222924045458,0.00291410289041839,,,1.0793995,0.20804653,31,3.2313108,1.3122606,13.789,13.23,12.867,0.026,0.029,0.03,19.3713,0.0084,18.042,0.0067,16.3124,0.0033,15.524,0.0021,15.1182,0.0026,,,,,,,,,,,,,,,,,3241.128,4.8941,0.116,1.2947,0.7913,1.2396,0.6894,0.5501,0.3594,MARCS,0.0
68452265347345664,true,true,true,164.45507784848363,-24.622623266474616,54.36004148465337,0.052869864,24.566847608055824,0.039183397,7.6843995450564755,0.057075754,21.86722337948649,0.07139313,-47.38561218246143,0.05494059,0.22285752,0.06963202,0.08192266,-0.20439836,0.07195365,-0.20680436,0.107249126,0.20982526,0.08225101,-0.054909967,16.482616,18.18414,15.22404,0.0016129655594130912,0.015645542998705804,0.005957184581717906,,,1.0397055,0.015564936,31,2.9600992,1.2585764,13.384,12.813,12.54,0.024,0.025,0.024,18.5591,0.0114,17.3107,0.0065,15.7832,0.0029,15.0449,9.0E-4,14.7113,0.0032,,,,,,,,,,,,,,,,,3278.2273,4.7126,-0.3551,1.0397,0.6518,0.9949,0.5605,0.4344,0.3691,MARCS,0.0
65712488530853120,true,true,true,167.9009987563873,-23.031944853208753,58.09386516372074,0.016724559,23.644663086556115,0.008423461,7.842320091834718,0.016344896,20.351204373725434,0.022247579,-48.34159308538509,0.011299197,-0.15327647,-0.028020782,-0.30046082,-0.38430494,0.08402405,-0.0482147,-0.026317097,0.4770175,0.322869,-0.21849012,13.523306,14.414308,12.58623,0.0012482638720360544,0.00558907747478879,0.0022941187488826212,8.562927,2.1245868,1.0522459,0.0,31,1.8280773,0.9370756,11.313,10.614,10.472,0.022,0.022,0.018,14.7326,0.0124,13.427,,12.961,,12.678,,12.4624,0.0022,,,,,,,,,,,,,,,,,3970.095,4.5979,-0.1607,0.3302,0.2359,0.3195,0.1895,0.13,0.6415,MARCS,0.0
65019246448775424,true,true,true,166.94413444337744,-23.52416394395952,57.02449569519243,0.09656971,23.883443039373205,0.06693495,7.392645465941637,0.10585207,20.181137542829056,0.12842105,-43.46642919787849,0.081522636,-0.013278558,0.041213796,0.0846915,-0.17444937,0.021620536,-0.23538743,-0.06888699,0.30673516,0.2322646,-0.0023057177,17.37894,19.200218,16.08857,0.0013307506077941539,0.0527472508934913,0.00454424441636734,,,1.0650707,0.2959453,31,3.1116486,1.290371,14.141,13.604,13.27,0.028,0.033,0.036,19.6149,0.0042,18.3621,0.0074,16.6775,0.0033,15.864,0.0035,15.4874,0.0041,,,,,,,,,,,,,,,,,3185.1785,4.965,-0.0315,1.0697,0.6529,1.0211,0.5696,0.4515,0.291,MARCS,0.0
63959351598814336,true,true,true,168.53015292129822,-24.5028075120708,57.451898858678085,0.046559554,22.17997112385835,0.028510137,6.972454206976809,0.056316454,18.393526520062615,0.055661466,-42.295589729804554,0.03811691,0.1309464,0.09588416,0.31873924,-0.1510097,0.013436784,-0.30262458,0.103075236,0.6999834,0.1826934,-0.3966972,15.772934,17.267515,14.575137,0.0013396074111468106,0.009028821942779946,0.002909637793694079,,,1.0422074,0.10295304,31,2.692378,1.1977968,12.948,12.242,11.994,0.023,0.024,0.023,17.6647,0.0134,16.3795,0.0047,15.0661,0.0027,14.4734,0.0024,14.1749,0.0041,,,,,,,,,,,,,,,,,3457.1025,4.698,-0.2046,0.9917,0.6424,0.9512,0.5428,0.4083,0.4819,MARCS,0.0
69436328253987328,true,true,true,163.60477189239617,-23.276471976536467,54.66871715381682,0.014431035,26.095941001516344,0.010722968,5.719377622377294,0.016592573,16.204439075538097,0.0175551,-35.368052564205776,0.014079864,0.24337542,0.10453825,0.35393953,0.011766419,0.16957378,-0.15974312,0.13179559,0.3619883,0.20088728,0.0896059,13.360343,14.02047,12.548607,0.002284114532810887,0.009690282813045771,0.006167205794998004,-0.36449656,3.719222,1.0320688,0.0,31,1.4718628,0.8117361,11.481,10.909,10.768,0.022,0.029,0.021,14.2699,0.003,13.218,,12.878,,12.685,,12.6234,0.0148,,,,,,,,,,,,,,,,,4459.7656,4.6387,-0.0487,0.1941,0.1459,0.1908,0.1137,0.0771,0.6581,PHOENIX,0.0
65196405259884544,true,true,true,166.33482347026256,-23.971127974973307,56.24422047135836,0.045886673,23.927876856061392,0.033754528,7.274297226962083,0.050903227,21.06580795418214,0.057706937,-45.625139391925956,0.043250028,0.13653564,0.014200762,0.2516324,-0.20209281,-0.0016307962,-0.2669725,-0.022695683,0.05742639,0.16790865,-0.03426584,16.095974,17.717226,14.856418,0.0013796400698828995,0.021698101550329637,0.0026656575939042007,,,1.1529555,0.18377137,31,2.8608084,1.2395563,13.082,12.432,12.128,0.026,0.035,0.018,18.1873,0.0125,16.8665,0.0076,15.3863,0.0052,14.6992,0.0029,14.3581,0.0054,,,,,,,,,,,,,,,,,,,,,,,,,,,0.0
51408529447927296,true,true,true,171.7173334815381,-23.823687860440852,60.190083411136534,0.079285614,20.624901843256882,0.044387043,6.912601370661833,0.088208415,17.860725353957083,0.087114275,-41.40104824717983,0.053320784,0.14020658,0.18946257,0.46596423,-0.024852682,0.09043545,0.003588444,0.12107942,0.64545816,0.18153878,-0.1039966,16.798506,18.573454,15.529936,8.593296286723613E-4,0.021256432453523263,0.0026171729853157483,,,1.0563352,0.19051097,31,3.043518,1.26857,13.636,12.959,12.665,0.023,0.024,0.027,18.962,0.0127,17.6126,0.0045,16.0675,0.0055,15.3608,0.0023,14.986,0.0029,,,,,,,,,,,,,,,,,3224.3232,4.189,-1.0978,1.4862,0.9308,1.4043,0.8025,0.6017,0.4181,MARCS,0.0
68298093201624960,true,true,true,165.6556006150418,-23.835198847787535,55.835796179377716,0.09265249,24.442916087967557,0.06453647,7.584572766317957,0.10867055,21.33759087827145,0.11073546,-45.45382690982051,0.07809203,0.12723464,0.061880916,0.36535582,-0.02532582,-0.013770328,-0.22863975,-0.038806733,0.3207087,0.2469531,-0.09109394,17.32333,19.283113,16.015848,0.001716882777224933,0.038995937082835955,0.004329958570515224,,,1.0291365,0.24112153,31,3.2672653,1.3074818,14.109,13.509,13.252,0.032,0.037,0.035,19.659,0.0101,18.3491,0.0074,16.593,0.0025,15.8045,0.0038,15.4022,0.0038,,,,,,,,,,,,,,,,,3167.989,4.9524,0.0465,1.0862,0.6585,1.0388,0.5763,0.4624,0.3037,MARCS,0.0
65117206062341760,true,true,true,165.75920363063852,-25.0960556776503,55.00086921866747,0.031648953,23.434775648377258,0.024467994,7.423513438807651,0.034277946,21.34684195487827,0.04397963,-45.29914457194122,0.034357592,0.08031218,0.052355025,0.09179679,-0.11537077,-0.0045456537,-0.18655723,0.013708386,0.12118245,-0.0626561,-0.05790378,14.743395,16.149273,13.574709,0.001234240619833993,0.006013019148240904,0.0020926069773843196,5.984826,6.8403335,1.4016548,0.19492456,31,2.574564,1.1686859,11.945,11.309,11.098,0.02,0.021,0.018,16.5417,0.0032,15.3092,0.0029,14.0588,8.0E-4,13.4786,0.0015,13.1964,0.0028,,,,,,,,,,,,,,,,,3387.7456,4.0226,-0.9797,0.814,0.5321,0.7804,0.4474,0.3331,0.7022,MARCS,0.0
69876712724339456,true,true,true,165.33556558111712,-23.345253224041688,55.951482385995824,0.023082243,25.004185022844748,0.0151871275,7.435405583801451,0.022914376,19.85967336466963,0.03172604,-45.6027373395702,0.02090213,-0.13633056,-0.10682329,-0.09259022,-0.07144577,-0.006423257,-0.042621523,-0.007248274,0.27210507,-0.04118236,0.05785329,11.434036,11.902182,10.793709,0.002480517091918532,0.008086706586249366,0.005564801574821096,9.293303,6.7169375,1.1137286,0.13653183,31,1.1084728,0.64032745,9.958,9.496,9.374,0.026,0.032,0.018,12.057,,11.409,,11.163,,11.043,,10.968,,,,,,,,,,,,,,,,,,5298.6436,4.4885,-0.4741,0.4323,0.3498,0.4455,0.2571,0.1883,0.8477,MARCS,0.0
63995562466405760,true,true,true,167.9536125411783,-24.949597008369466,56.70921754523774,0.12377969,22.211633483804448,0.09427263,7.066697909247392,0.13903295,20.74025760401136,0.16051309,-44.14092913446135,0.1117817,0.20745651,0.17646196,0.03884118,-0.12714598,-0.07163806,-0.30701283,-0.04799132,0.24572209,-0.08350571,-0.118986726,17.78173,19.9296,16.440338,0.0014349171927089258,0.05779461235451879,0.010024504016945502,,,0.99503624,0.48786092,95,3.4892616,1.3413925,14.443,13.776,13.478,0.031,0.034,0.039,20.1884,0.0145,18.8682,0.0059,17.059,0.0022,16.2192,0.0038,15.7909,0.006,,,,,,,,,,,,,,,,,3131.6575,4.9648,0.0551,1.1953,0.7166,1.1411,0.631,0.5103,0.2894,MARCS,0.0
70153484713977472,true,true,true,164.47574959155824,-22.610276071693594,55.82948712890788,0.061992917,26.078747132934307,0.04030272,7.333114923095777,0.06654145,20.089343981375066,0.08870939,-45.585505053169854,0.051336523,0.08653206,0.15253729,-0.23468074,-0.3331804,-0.052526217,-0.36582315,-0.1260802,0.23693915,0.21974619,-0.014653361,16.255726,17.938046,15.013962,0.0016037599278552967,0.015608341123230873,0.004366400606371848,,,1.1012641,0.18966691,31,2.9240837,1.2417641,13.224,12.615,12.31,0.026,0.028,0.023,18.3628,0.0051,17.0291,0.0154,15.5562,0.0058,14.8504,0.0025,14.5078,0.0031,,,,,,,,,,,,,,,,,3313.3694,4.7257,-0.1763,1.0588,0.6657,1.0145,0.5715,0.4431,0.4211,MARCS,0.0
64006905476619776,true,true,true,168.03200624864672,-24.838888341897924,56.84689444035548,0.017103076,22.244354276021415,0.012654765,7.121282586312011,0.019014506,19.56523367259846,0.021979593,-44.07548166486084,0.016248746,0.30925348,0.21827807,0.13676305,-0.18378872,0.015475047,-0.2060609,0.05356923,0.28316474,-0.012328329,-0.077582516,13.896054,14.827557,12.940072,0.0013221212655756638,0.005479133807406246,0.0031161597133033043,1.1516902,3.2100272,1.0081398,0.0,31,1.8874846,0.9559822,11.684,11.019,10.838,0.02,0.022,0.017,15.1818,0.0168,13.9675,0.0091,13.387,,13.0133,0.0078,12.8254,0.001,,,,,,,,,,,,,,,,,3656.347,4.354,-0.8321,0.1236,0.087,0.1184,0.0706,0.0478,0.6698,PHOENIX,0.0
66521179334108928,true,true,true,166.95472730892533,-23.400234609271703,57.124052826324814,0.08514237,23.96812762181643,0.06164326,7.245161749059522,0.09243491,19.513016268459427,0.11273302,-44.30200784877972,0.077240005,0.21727103,0.20610483,0.095693015,-0.185407,0.094759814,-0.09093952,0.08388427,0.41417226,0.14871903,1.2822065E-4,17.046577,18.865902,15.772549,0.0011839592065826553,0.03427222677000397,0.0030226956930331354,,,1.0028831,0.18670683,31,3.0933533,1.2740288,13.88,13.229,13.001,0.023,0.031,0.032,19.2525,0.0122,17.9705,0.0037,16.3446,0.0047,15.5699,0.0026,15.2086,0.0039,,,,,,,,,,,,,,,,,3229.6646,4.9248,0.0421,1.0362,0.6377,0.9923,0.5537,0.4386,0.333,MARCS,0.0
65768151306811904,true,true,true,168.62121877776525,-21.998212589412464,59.40037575316987,0.022242844,23.931010203419202,0.012114711,7.174693891962564,0.02219552,17.884139658201775,0.030661702,-44.06644028532122,0.0158881,-0.0061979117,0.06698584,-0.009172916,-0.3338101,0.17816116,-0.1007548,0.13289618,0.5913786,-0.002420671,-0.24746898,14.006242,14.995607,13.01508,0.001100646791460255,0.00437836423830207,0.00302214935234996,-4.0586967,4.990176,1.0888538,0.0,31,1.9805269,0.99116135,11.693,10.928,10.767,0.024,0.022,0.02,15.4124,0.0038,14.2187,0.0054,13.406,,13.0647,0.0055,12.898,0.0016,,,,,,,,,,,,,,,,,4925.199,4.6687,-0.7961,2.3157,1.7215,2.2854,1.344,0.9414,0.5966,MARCS,0.0
61867084050575104,true,true,true,163.87541895153703,-27.466341742716658,51.93514702498601,0.014475739,22.71640283521926,0.011211793,9.193864288749868,0.015946666,26.943920209619748,0.016897036,-54.998147014996746,0.013881416,0.24364364,0.15284185,0.27851272,-0.13568033,0.10334997,-0.037283607,0.06892478,0.16390823,0.15802613,0.17400716,13.493336,14.478936,12.5077505,8.185295125340999E-4,0.0039134225286887505,0.0019958676413201143,4.5714545,5.1359043,1.1239451,0.04345163,31,1.9711857,0.9855852,11.199,10.554,10.354,0.022,0.022,0.018,14.804,0.0159,13.7164,0.0165,13.053,,12.654,,12.38,0.0043,,,,,,,,,,,,,,,,,4044.7163,4.6666,0.0832,0.6092,0.4301,0.5869,0.3469,0.2399,0.6019,PHOENIX,0.0
64665203703566848,true,true,true,166.33715154139566,-25.43950839681191,55.18006539676142,0.078635365,22.83147815980321,0.051060166,7.382203157174722,0.07987329,20.699290987858724,0.09736094,-44.363767855385284,0.06424828,-0.0687697,-0.029827472,-0.11064116,-0.38370213,0.22232044,-0.18877526,0.16195662,0.23617105,0.23638985,-0.21860991,16.899952,18.733952,15.6202545,0.0010376363514814507,0.026996773845503034,0.003594291773506236,,,0.951585,0.0,31,3.113697,1.2796974,13.809,13.166,12.927,0.026,0.029,0.024,19.0668,0.0091,17.7835,0.0076,16.1842,0.0052,15.4251,0.0031,15.0737,0.005,,,,,,,,,,,,,,,,,3243.392,4.9223,0.0307,1.0089,0.6235,0.9662,0.5401,0.4261,0.3358,MARCS,0.0
50101210121892992,true,true,true,171.89056414722384,-25.414229189501874,59.09976387689248,0.07135106,19.39807692354828,0.04543382,6.727029048308503,0.073983416,16.66192330896294,0.090515316,-40.40129320885223,0.05656707,0.019731222,-0.0114554325,-0.0141146295,-0.14389855,0.08782276,0.059594408,0.12090627,0.48796725,0.20658854,-0.04885351,16.920427,18.689146,15.64414,8.764357057265509E-4,0.03400146111191147,0.0036091304975665183,,,1.0756081,0.19662416,31,3.0450058,1.2762871,13.764,13.104,12.891,0.027,0.026,0.026,19.058,0.0121,17.7894,0.0033,16.2031,0.0018,15.4503,0.0041,15.0679,0.004,,,,,,,,,,,,,,,,,3286.9763,4.8751,0.1031,1.1925,0.7376,1.1437,0.6385,0.5052,0.3781,MARCS,0.0
68162921990400256,true,true,true,165.66031307563324,-24.51583759314055,55.3454099178269,0.061139453,23.929907412099855,0.039987665,7.4679281450793535,0.06323023,20.87002088439918,0.079402454,-43.94528385521718,0.05231791,0.10373958,0.087764084,-0.18680066,-0.4316717,0.13466439,-0.14561997,0.10406386,0.20270735,0.29851574,-0.13885093,16.227856,17.88982,14.981466,0.002504756376407602,0.016164112484379826,0.007998523261009477,,,1.125092,0.14953245,31,2.9083538,1.2463894,13.262,12.629,12.342,0.022,0.03,0.024,18.3383,0.0057,17.0505,0.0149,15.5106,0.0027,14.8077,0.005,14.4793,0.0047,,,,,,,,,,,,,,,,,3364.4263,4.8443,0.0618,1.0277,0.6492,0.9872,0.5557,0.4316,0.4069,MARCS,0.0
65125452399528320,true,true,true,165.77421322677836,-24.930182009258875,55.13134552101876,0.023532365,23.550448733258403,0.0168976,7.488421887730397,0.027641539,22.035110846247882,0.029662104,-46.2842418446027,0.02074126,0.23527828,0.072574414,0.2749679,-0.17433895,0.0048535187,-0.32674593,0.03125344,0.32058528,0.11775342,-0.110949844,14.410244,15.531999,13.354491,6.345767190782337E-4,0.0027914905726821714,0.0015272436701396163,12.713782,5.7022448,1.0477535,0.050526,31,2.1775074,1.0557528,11.949,11.268,11.057,0.02,0.021,0.017,15.9301,0.0049,14.6705,0.005,13.7719,0.0192,13.3634,0.0015,13.1677,0.0011,,,,,,,,,,,,,,,,,3724.7214,4.6119,-0.3902,0.6477,0.445,0.6225,0.3649,0.2576,0.5851,MARCS,0.0
61554650949438208,true,true,true,165.3650288103515,-27.120947631025793,53.2743726860314,0.016593022,22.13404726062533,0.01403932,7.557450189996425,0.018598074,22.18273866580518,0.024587825,-45.97537760237573,0.01913434,0.040977407,0.107801706,0.0054814545,-0.0013110792,-0.019450575,-0.2600386,-0.022817727,0.15264195,-0.042472355,0.10219119,11.206782,11.619855,10.620248,0.0010095479272826692,0.0034768150153079275,0.0026129037832273863,5.7336173,0.51829726,1.04441,0.11680336,31,0.9996071,0.5865345,9.897,9.522,9.425,0.018,0.017,0.02,11.814,,11.277,,11.043,,10.918,,10.869,,,,,,,,,,,,,,,,,,5349.1216,4.5662,0.0409,0.1678,0.1367,0.1728,0.1002,0.0725,0.8129,MARCS,0.0
64136063734692224,true,true,true,167.960798796811,-24.073318712571,57.361046520859134,0.059426922,22.848352698939507,0.037172884,7.470198853658967,0.061192833,19.037363240164904,0.0788235,-45.87916701288922,0.047597684,-0.010292755,0.053694353,-0.1458408,-0.02410515,-0.0073346985,0.040944055,-0.053171813,0.59083784,-0.008401579,-0.0039023384,16.388481,18.013174,15.144629,9.902104808594647E-4,0.018481660275422116,0.0026051290428952567,,,1.0277227,0.0638386,31,2.8685455,1.2438526,13.398,12.724,12.511,0.026,0.026,0.024,18.4514,0.0051,17.1667,0.0082,15.6772,9.0E-4,14.9916,0.0034,14.6725,0.0053,,,,,,,,,,,,,,,,,3318.492,4.8079,-0.1522,0.9756,0.6152,0.9349,0.5273,0.4076,0.3813,MARCS,0.0
68559738312482048,true,true,true,164.52228738475404,-24.0520439099818,54.819826907433885,0.10915837,24.96055005254026,0.07754712,7.305524477865957,0.12150719,20.228106048472128,0.12965241,-42.694747553128735,0.0984525,0.16491707,0.094968654,0.2897446,-0.1989118,0.06419118,-0.23823424,0.04004445,0.11294121,0.17318673,-0.02803846,17.438854,19.536726,16.09025,0.0016266822023452432,0.04014606536900048,0.003168502445224614,,,0.98320985,0.51275337,95,3.446476,1.3486042,14.071,13.479,13.139,0.028,0.039,0.028,19.8767,0.0224,18.5865,0.006,16.7182,0.0034,15.8567,0.0026,15.4057,0.0034,,,,,,,,,,,,,,,,,3165.7307,4.9136,0.1759,1.432,0.8569,1.3694,0.7548,0.6148,0.3389,MARCS,0.0
66532174450470656,true,true,true,166.96352267937795,-23.053311280642514,57.38806152316218,0.1366701,24.217798918238252,0.10272575,7.3912177169253,0.14878781,20.981535848879425,0.17892471,-47.47700332571162,0.1403077,0.45449868,0.44690588,-0.11834204,0.005158358,0.32783848,-0.22560193,0.3334634,0.74277115,-0.08079392,-0.33486593,17.994638,20.140959,16.658693,0.0014738775696750768,0.08834878719193112,0.007470586597569468,,,1.0023088,0.13641351,31,3.4822655,1.3359451,14.614,14.073,13.73,0.033,0.042,0.043,20.4491,0.0289,19.0933,0.0078,17.2788,0.0022,16.4088,0.0045,16.0015,0.0032,,,,,,,,,,,,,,,,,3093.1792,4.9806,0.0507,1.1237,0.6685,1.073,0.5909,0.4822,0.2715,MARCS,0.0
65589137070475264,true,true,true,168.6421520200696,-23.452718422033694,58.31550471151817,0.03556964,22.870486617226987,0.023679955,7.730450865699229,0.03911404,19.49914419001883,0.0486354,-47.30489909870079,0.032051962,-0.06268781,-0.08232848,0.23597562,-0.019501328,-0.106829464,-0.30579615,-0.070330426,0.57061356,0.08730132,-0.33174527,15.532084,17.030619,14.3320675,6.440578761106111E-4,0.00637679377774585,0.0016798435186006666,-8.788499,9.603173,1.0875376,0.07945303,31,2.6985512,1.200017,12.645,12.032,11.784,0.022,0.02,0.019,17.4039,0.0057,16.1804,0.0031,14.8227,0.0025,14.2129,0.0026,13.9387,0.0042,,,,,,,,,,,,,,,,,3431.836,4.6461,-0.3237,0.9593,0.6208,0.9202,0.5248,0.3954,0.4851,MARCS,0.0
68051390279853824,true,true,true,163.97017847357074,-26.02631386710087,53.00208374666953,0.016647974,23.774632460225945,0.012738058,7.235450067120952,0.021921758,21.20277000555796,0.024013784,-43.6911735947082,0.016867405,0.2730501,0.1531379,0.21532188,-0.11698264,0.19222176,-0.20016092,0.07938181,0.25515994,0.49061364,0.07286766,13.306072,14.098605,12.434976,9.796610614633498E-4,0.0036072742323917657,0.002486909265602539,6.1701,2.3072474,1.0691359,0.0,31,1.6636295,0.8710966,11.329,10.686,10.52,0.021,0.021,0.018,14.4176,0.0076,13.42,,12.958,,12.67,,12.4735,0.0133,,,,,,,,,,,,,,,,,4280.117,4.6206,0.0249,0.4991,0.3676,0.4858,0.2904,0.1953,0.6527,MARCS,0.0
66791624833561856,true,true,true,166.34128911658806,-23.038736291017038,56.93522462565709,0.08378013,24.615331041000534,0.070093,7.365399225658677,0.10403964,20.029976741282752,0.11532048,-43.499459079977576,0.096957035,0.40270418,0.18473998,0.061955824,-0.076954365,0.06254434,-0.43023527,0.16709237,0.43268183,-0.047943488,-0.32267988,17.191496,18.87722,15.913277,0.0014545253606077129,0.03465802678243765,0.003935334385144554,,,1.1320454,0.40026873,31,2.9639435,1.2782192,14.037,13.431,13.173,0.028,0.052,0.045,19.3913,0.0081,18.0782,0.0049,16.4631,0.0029,15.7228,0.0039,15.3461,0.0032,,,,,,,,,,,,,,,,,3228.849,4.9548,-0.0597,1.027,0.6339,0.9811,0.5497,0.4314,0.3036,MARCS,0.0
71205133225715328,true,true,true,163.1657370094771,-21.510872179591118,55.60392986989982,0.15056272,27.7042302361442,0.11338837,7.167037218705377,0.16170909,18.509342917297143,0.1872006,-41.89859510180254,0.14892109,0.112327516,0.21116145,0.049030807,-0.20800887,0.2913802,-0.1488582,0.17768209,0.3578024,0.17344382,0.06463835,18.015713,19.819777,16.676445,0.002087749574174646,0.1198730488480598,0.010139683531939538,,,0.94047225,0.45363814,95,3.1433315,1.3392677,14.692,14.084,13.798,0.039,0.042,0.052,20.3382,0.0185,19.0708,0.0146,17.2805,0.0039,16.4394,0.0043,16.0481,0.0028,,,,,,,,,,,,,,,,,3130.6467,5.0046,-0.078,1.1643,0.7003,1.1089,0.616,0.4929,0.2538,MARCS,0.0
70433241705178240,true,true,true,165.6638381030788,-20.69531913926462,58.17431918431463,0.08020135,26.769461759965537,0.06308138,7.385264532032264,0.08308385,18.964839610456647,0.119485654,-47.621059215479264,0.08675674,0.17921568,0.23152821,0.02926847,0.21017532,0.18590268,-0.10758761,0.1569655,0.7714917,-0.050453644,-0.18609954,17.11057,18.988686,15.808114,0.0012813552488318205,0.024391994215512844,0.004631564807426909,,,1.029859,0.1225302,31,3.1805716,1.3024569,13.859,13.338,13.061,0.031,0.038,0.028,19.3441,0.0111,18.1679,0.006,16.3849,0.003,15.5985,7.0E-4,15.2109,0.0041,,,,,,,,,,,,,,,,,3212.17,4.9176,0.0954,1.1299,0.6896,1.0828,0.6012,0.4816,0.3389,MARCS,0.0
69983369649631872,true,true,true,165.81684427980048,-22.01085547759175,57.30272250751295,0.04202153,25.701870446427428,0.024464076,7.316276018466569,0.04719304,18.700357787215395,0.046948805,-45.534717517686616,0.03327201,0.17648956,-0.03654734,0.37844065,-0.13019207,-0.14222772,-0.26777017,0.07552227,0.6039939,0.0495764,-0.37201357,15.634993,17.308414,14.390305,7.869661878263233E-4,0.009925822763104008,0.0022730669246676456,,,1.0931144,0.13744797,31,2.91811,1.244688,12.598,11.954,11.698,0.022,0.028,0.025,17.7114,0.0078,16.4274,0.0049,14.9235,0.0075,14.2132,0.0031,13.8983,0.0025,,,,,,,,,,,,,,,,,3476.7556,4.7299,0.1816,1.2862,0.8166,1.2385,0.6969,0.5417,0.5094,MARCS,0.0
69840879814047872,true,true,true,165.3851120988906,-22.966218835743945,56.26681313037545,0.01634949,25.257646866907518,0.012347321,7.428143353032573,0.020095354,18.647569844836685,0.019928286,-45.40830146952662,0.015787633,0.14794995,0.075466745,0.2701744,-0.010734119,0.028858563,-0.31695503,0.058086332,0.36703196,0.1475935,-0.26193926,10.546825,10.9037485,10.023086,5.838614613069929E-4,0.0016744399930456516,0.0011382555441659086,5.0760446,0.32821858,1.1489583,0.09830686,31,0.8806629,0.5237398,9.435,9.146,9.041,0.024,0.033,0.018,11.1765,0.0296,10.0955,0.031,10.3962,0.0393,10.3129,0.1262,10.7218,0.001,,,,,,,,,,,,,,,,,5830.2153,4.459,-0.0786,0.243,0.2034,0.2549,0.1458,0.1091,0.9539,MARCS,0.0
65720734868130816,true,true,true,167.97079310047428,-22.758016027726544,58.35055879613578,0.059946306,23.799400414244115,0.035223365,7.3122275822989975,0.063898586,20.125369913789854,0.06820663,-44.914801582099315,0.04533708,0.14648655,0.07191948,0.3557593,-0.15930007,-0.011625976,-0.0075903414,0.09109804,0.49558032,0.102524996,-0.13621655,16.478794,18.200987,15.218929,0.0015727311208796155,0.015853869831287403,0.003697459571915458,,,1.0887698,0.16482721,31,2.9820576,1.2598648,13.394,12.775,12.553,0.023,0.025,0.024,18.5587,0.0043,17.3131,0.0176,15.7492,0.0113,15.041,0.0035,14.7095,0.0064,,,,,,,,,,,,,,,,,3279.5864,4.7731,-0.1508,1.031,0.6439,0.9875,0.5547,0.4329,0.3859,MARCS,0.0
68448142178730752,true,true,true,164.55209067640453,-24.453844466854658,54.55441333229951,0.074222,24.637856403038533,0.05143846,7.334908451148601,0.07559211,21.09136160678619,0.09743514,-45.7117627807807,0.06714227,-0.09569807,-0.0735693,0.013278696,-0.07752341,-0.074239746,0.057262663,-0.079077974,0.19910808,0.04941007,0.06041608,16.846962,18.647589,15.560642,0.0013122691054288887,0.016045346106476868,0.0038954758290452823,,,1.0341412,0.1769533,31,3.0869465,1.2863197,13.678,13.084,12.794,0.026,0.024,0.021,19.0298,0.0092,17.7696,0.0056,16.1258,0.0036,15.3787,0.0023,14.9894,0.0034,,,,,,,,,,,,,,,,,3254.7432,4.9009,0.0803,1.0591,0.6535,1.0161,0.5664,0.4497,0.355,MARCS,0.0
63547270960574336,true,true,true,168.1190019425758,-26.07774585036501,56.002772277578515,0.014937668,21.281872338918273,0.010631291,7.436217258402496,0.015804969,20.147855316576678,0.019420547,-46.019560668530474,0.012928858,0.03130371,0.050147112,-0.13224968,-0.11279187,-0.066614866,-0.22301304,-0.086938865,0.24155104,0.09190633,-0.0143664675,12.420944,13.031142,11.669099,0.0018796835298731016,0.00723436073034087,0.006594589801967378,11.383182,3.3698506,1.1329408,0.076125205,31,1.3620434,0.75184536,10.781,10.192,10.047,0.021,0.018,0.019,13.2854,0.0038,12.8765,0.001,11.9207,0.0413,12.6941,0.0215,11.8594,0.0118,,,,,,,,,,,,,,,,,4988.4116,4.6011,-0.3649,0.6961,0.546,0.7038,0.4113,0.2925,0.6827,MARCS,0.0
66567427541958784,true,true,true,166.9655002647051,-22.597859942157626,57.729165547344984,0.07595782,24.550845313923535,0.049288455,6.968903348659405,0.0823591,17.490161314711415,0.10079457,-42.371268198107416,0.06641263,0.16120067,0.15444893,0.23321345,-0.09513203,0.053343717,-0.056189884,0.10883149,0.6841398,0.031469952,-0.22149973,16.955412,18.747786,15.685095,8.880948503836797E-4,0.02443952183415311,0.0029564556481221616,,,1.0843304,0.23824044,31,3.0626907,1.2703171,13.838,13.282,12.992,0.024,0.03,0.03,19.0838,0.0094,17.828,0.0047,16.2352,0.0023,15.5152,0.0049,15.1731,0.0037,,,,,,,,,,,,,,,,,3280.0256,4.9029,0.0369,1.0665,0.663,1.0214,0.5726,0.4488,0.3546,MARCS,0.0
65635522717170944,true,true,true,168.65141307978354,-22.71391689079575,58.87881546681414,0.04864695,23.39733058626634,0.026640313,7.351477392023253,0.052089404,18.06127546907313,0.05710115,-44.04141589893502,0.036007244,0.14580297,0.01416578,0.3576764,-0.23503877,-0.06798236,-0.1513049,0.081989646,0.5696518,0.02962208,-0.25822678,15.975678,17.525719,14.756134,0.0010670777657420954,0.007590987165742245,0.0020146824537408963,,,1.0316733,0.016055908,31,2.7695847,1.2195444,13.088,12.426,12.176,0.024,0.022,0.022,17.9434,0.0063,16.6488,0.0035,15.2775,0.0033,14.6167,0.0027,14.3106,0.0026,,,,,,,,,,,,,,,,,3364.5981,4.6174,-0.4293,0.9693,0.6204,0.9289,0.5275,0.4014,0.4388,MARCS,0.0
70313016978627584,true,true,true,164.15477630169968,-22.161221278381245,55.90868834592439,0.017439123,26.612313861082,0.011829934,7.034812837832362,0.020927692,18.96927253509914,0.018791556,-43.74373870479166,0.013638297,0.15073189,-0.14105394,0.4707379,-0.22741275,0.010856091,-0.45386815,-0.07614042,-0.048277874,0.19691096,0.022054112,13.390502,14.186887,12.515962,0.0014385039226009297,0.004763926839872753,0.003795274264470636,2.23689,2.3138988,1.0334506,0.0,31,1.6709251,0.8745403,11.397,10.784,10.614,0.023,0.028,0.026,14.5191,0.0024,13.371,,12.951,,12.696,,12.5362,0.0047,,,,,,,,,,,,,,,,,4376.4585,4.6685,0.1564,0.5382,0.3962,0.5236,0.3129,0.2107,0.6465,PHOENIX,0.0
64653383953596032,true,true,true,166.35783527764437,-25.67027652255183,55.02925859013083,0.08514,22.64639061215007,0.064854026,7.401384626754442,0.10471005,20.846684754196072,0.10341274,-45.53023058759697,0.075149104,0.16427821,0.14360979,0.24816023,-0.111362144,0.095752984,-0.29490346,0.069925584,0.41579598,0.26003173,-0.21382713,17.14754,18.992771,15.851673,0.0013846254169862745,0.03389474090410816,0.004089667173065123,,,0.99503756,0.13355185,31,3.141098,1.295866,13.921,13.29,13.052,0.024,0.026,0.03,19.4537,0.014,18.1592,0.0132,16.4374,0.0039,15.6287,0.001,15.2426,0.0053,,,,,,,,,,,,,,,,,3185.7363,4.9305,0.0892,0.9823,0.5981,0.9428,0.5219,0.4209,0.3247,MARCS,0.0
70230652389756928,true,true,true,164.83974564482705,-22.29979519110269,56.33901866387601,0.13648544,26.090268845002047,0.098113574,7.372932552531047,0.14758816,20.16044064131279,0.17659049,-46.41322794136828,0.12050666,0.14714026,0.15302154,0.013171043,-0.23949379,0.026726449,-0.20874612,-0.0074090306,0.20264101,0.16517632,0.0025994342,18.185623,20.404118,16.82049,0.001966416125033778,0.08476064502626338,0.0077849001183274095,,,0.8841371,0.4418841,95,3.5836277,1.3651333,14.712,14.006,13.747,0.035,0.045,0.043,20.73,0.017,19.4084,0.0104,17.4526,0.0067,16.5182,0.0052,16.0683,0.0067,,,,,,,,,,,,,,,,,3026.4045,4.9794,0.1327,1.1719,0.6834,1.1211,0.6099,0.5111,0.2668,MARCS,0.0
68120418994061312,true,true,true,165.6708249856964,-25.115344391281386,54.92139561721088,0.07178687,23.47300154429505,0.058282103,7.2703253135617745,0.079357505,20.794171871057205,0.10201702,-44.543631001832466,0.08207122,0.24888,0.17501773,0.021980114,-0.17002434,-0.07376629,-0.27378497,-0.06104633,0.039170895,0.015233281,-0.023087673,17.177141,19.123713,15.875628,0.0016250386009528887,0.034187176222030435,0.005341119602598695,,,0.96693814,0.0,31,3.248084,1.3015127,14.012,13.443,13.115,0.027,0.026,0.029,19.4471,0.0224,18.1384,0.0072,16.4652,0.0023,15.665,0.0052,15.2868,0.0022,,,,,,,,,,,,,,,,,3232.0662,4.9262,0.0398,1.218,0.747,1.1631,0.6499,0.513,0.3324,MARCS,0.0
65293368441513344,true,true,true,165.83034407796112,-23.688657333851136,56.07404213069598,0.036067124,24.446187902212245,0.027501743,7.20733365805876,0.041400734,20.16911764248763,0.047521293,-44.66621639384996,0.035300583,0.06392062,0.06420848,0.09789757,-0.21253209,0.10924084,-0.3196551,0.07692666,0.25425434,0.15625454,-0.22783583,15.395012,16.845022,14.221549,0.0015941516587410266,0.008091120232174337,0.0035239274831823054,,,1.1538252,0.15608253,31,2.6234732,1.1734629,12.596,11.926,11.659,0.023,0.031,0.023,17.2446,0.0082,15.9488,0.0051,14.7117,0.0074,14.121,0.0017,13.8317,0.0033,,,,,,,,,,,,,,,,,3511.7292,4.6529,-0.3061,1.0371,0.6792,0.9933,0.5709,0.4224,0.5142,MARCS,0.0
69864313155605120,true,true,true,165.39697205833005,-22.914189403398066,56.314067238891944,0.026763408,25.28927622486201,0.019381223,7.425788405396613,0.03157227,20.040084925306015,0.03297476,-45.96863991746572,0.024813944,0.054596413,-0.0059241783,0.33042008,0.031132234,0.0027398174,-0.30418277,0.02779514,0.33938378,0.14091504,-0.2174067,11.010165,11.4347515,10.41891,9.523409933999014E-4,0.0036036455482318062,0.0023958915656576104,-12.139915,5.201734,1.4058044,0.18991362,31,1.0158415,0.5912552,9.709,9.323,9.228,0.027,0.041,0.022,13.2815,0.0409,11.0212,0.0086,13.1347,,12.3312,0.001,12.6638,0.001,,,,,,,,,,,,,,,,,5623.126,4.4469,-0.3266,0.3853,0.3162,0.3996,0.2302,0.1694,0.8787,PHOENIX,0.0
64027143362491008,true,true,true,167.9834155407067,-24.670128001967548,56.93624264298835,0.065296665,22.397962763767943,0.04819008,7.551832932850046,0.07385354,21.0570556765474,0.087171614,-46.67305383314692,0.062851965,0.11073385,0.17505462,0.22810912,-0.14285405,0.14866039,-0.19520526,0.11900908,0.3695034,0.12760067,-0.156768,16.656425,18.509056,15.368991,0.001309766439619536,0.02109422451564931,0.0033418719336874288,,,1.0140587,0.1267095,31,3.1400652,1.2874346,13.513,12.844,12.578,0.026,0.027,0.024,18.8293,0.0139,17.5976,0.006,15.9343,0.0032,15.1627,0.0022,14.7779,0.0043,,,,,,,,,,,,,,,,,3240.6885,4.855,0.0941,1.1415,0.7005,1.0948,0.6089,0.4862,0.3733,MARCS,0.0
70143314231433600,true,true,true,164.56843674593713,-22.66898967954201,55.85826185410837,0.08936714,25.97826480224164,0.062242184,6.274822370108825,0.09687588,17.26666190077103,0.12578464,-38.78394574217744,0.08360059,0.010182019,0.09237014,0.028410142,-0.0720864,0.073298,-0.11781539,0.02687682,0.36132714,0.06970789,0.03825566,17.26757,19.151674,16.00154,0.0012701924501586088,0.035943963508593524,0.005145368784854907,,,0.9524077,0.0,31,3.150135,1.2660313,14.13,13.488,13.196,0.027,0.035,0.033,19.5127,0.0142,18.1697,0.0056,16.5581,0.0018,15.7904,0.0046,15.4287,0.0023,,,,,,,,,,,,,,,,,3250.5166,4.9146,0.0407,1.1103,0.6853,1.0626,0.5941,0.4685,0.3429,MARCS,0.0
65800930496992512,true,true,true,168.13512549660146,-22.564329571971943,58.61658885428691,0.013758559,23.835174746032443,0.0083990265,7.622049546859551,0.014963847,19.62306986735035,0.017764907,-47.43860470284522,0.011759509,0.1176891,-0.044842567,0.2922946,-0.18343402,-0.13240953,-0.24656232,0.029533569,0.5979033,-0.0920086,-0.34561294,12.519773,13.333003,11.633076,0.0014651192433372934,0.005990878177060473,0.003828545874231879,2.2314572,8.190568,1.0911793,0.053110886,31,1.6999273,0.8866968,10.473,9.837,9.663,0.021,0.02,0.018,13.7481,0.0013,12.673,,12.168,,11.843,,11.675,,,,,,,,,,,,,,,,,,4193.201,4.4146,0.1337,0.3947,0.2885,0.3837,0.2288,0.1549,0.9221,MARCS,0.0
64980832261312640,true,true,true,166.9706045081504,-23.978499131206174,56.70879817515686,0.044664677,23.53208141913091,0.034410175,7.435614097188134,0.04823119,20.87945193664808,0.056650817,-45.02175262335697,0.04124148,0.17535575,0.15249795,0.11382341,-0.15199986,-0.001002827,-0.16284817,-0.027298126,0.17118719,0.11203622,0.055219356,16.288599,17.955683,15.026005,0.001973387434222186,0.01787070003959603,0.007702232749965224,,,0.9718782,0.0,31,2.929678,1.2625942,13.241,12.636,12.375,0.023,0.023,0.024,18.353,0.0088,17.0946,0.0109,15.6033,0.0024,14.858,0.0028,14.5315,0.0021,,,,,,,,,,,,,,,,,3314.319,4.807,0.0186,0.9663,0.6065,0.9283,0.5208,0.4075,0.4069,MARCS,0.0
64037588724758400,true,true,true,168.68946585512637,-24.41176910563883,57.633191798463365,0.045208026,22.146378224514084,0.029851869,6.946839356563111,0.05081708,18.11400285847659,0.05857537,-41.36257881932376,0.039803162,0.08900576,0.05855803,0.27796233,0.050046593,0.0060159685,-0.20817727,0.058096137,0.69945115,0.23181811,-0.26556858,15.981156,17.554771,14.757266,6.658108397954665E-4,0.010194644935860564,0.002058582475765271,,,1.1126527,0.15582536,31,2.7975054,1.2238903,13.042,12.364,12.118,0.021,0.024,0.023,18.0012,0.0052,16.6962,0.0073,15.277,0.0043,14.6117,0.0021,14.3119,0.0045,,,,,,,,,,,,,,,,,3328.9216,4.4131,-0.6627,1.0197,0.6508,0.976,0.5543,0.4217,0.4763,MARCS,0.0
68620868583787904,true,true,true,164.25123313589538,-23.901188819308622,54.72052587343976,0.015653655,25.23624701095785,0.011389084,7.776719175190282,0.017643487,22.106611774836345,0.019897578,-47.33410300337364,0.014522259,0.08828185,-0.015269832,0.23865874,-0.16979378,0.16409169,-0.23938495,0.11501288,0.1921865,0.27399004,-0.032238074,13.497553,14.36562,12.579953,0.001235479640079451,0.004464439386918011,0.0030091994429089558,5.219788,1.8201208,1.0897433,0.030605657,31,1.7856665,0.9175997,11.417,10.766,10.614,0.023,0.03,0.018,14.7304,0.0029,13.5696,0.0024,13.043,,12.755,,12.5465,0.0038,,,,,,,,,,,,,,,,,4186.986,4.6699,0.0916,0.6111,0.443,0.5918,0.3533,0.2385,0.6154,MARCS,0.0
65228772133391488,true,true,true,166.35942342204967,-23.659057566598538,56.491372159992444,0.11918455,24.14454409490353,0.0866696,7.56224918935397,0.13930252,20.64192353731954,0.1616776,-47.49822521472331,0.10878331,0.06690796,0.059359744,0.11840412,-0.041695923,-0.023579983,-0.30011943,-0.09733237,0.31587848,0.28473726,-0.09555742,17.9169,19.907795,16.578157,0.001512286718899257,0.079943634480674,0.007868147275741741,,,1.0240954,0.28509906,31,3.3296375,1.3387432,14.565,13.895,13.655,0.034,0.042,0.033,20.3419,0.0293,19.0307,0.0218,17.1806,0.0047,16.3519,0.0024,15.912,0.002,,,,,,,,,,,,,,,,,3118.7593,4.9917,-0.0162,1.231,0.737,1.1717,0.6497,0.5221,0.2634,MARCS,0.0
69877468638718720,true,true,true,165.25542561440375,-23.37857005228494,55.8662866290358,0.14457645,25.02789517561095,0.09779296,7.44637417462094,0.14614037,18.004377487928323,0.20306514,-45.17427793023197,0.13957778,-0.06330633,-0.06780735,-0.07946585,-0.124577016,-0.027340729,-0.10273986,-0.012247301,0.11219251,-0.08532178,0.025006251,18.05234,20.508715,16.654936,0.001860294375810272,0.112224396064618,0.007834539264491607,,,0.97380877,0.26624367,31,3.8537788,1.3974037,14.409,13.761,13.422,0.028,0.037,0.031,20.8549,0.0292,19.485,0.009,17.3584,0.0035,16.3697,0.0067,15.8525,0.0029,,,,,,,,,,,,,,,,,2946.963,4.8974,0.6129,0.7909,0.4541,0.7712,0.4063,0.3648,0.3282,MARCS,0.0
69996976105980800,true,true,true,165.6739117254498,-21.738334405730722,57.39710417795447,0.06880429,25.992811633357707,0.04771378,7.548105197674344,0.07340198,20.634656702016997,0.09392334,-46.82215032006613,0.062155847,0.116793245,0.24758156,0.13016677,-0.057427768,0.15110098,-0.015819877,0.07987295,0.6996014,0.09507604,-0.13700542,16.722004,18.528404,15.437561,8.142740166095794E-4,0.015737975899710092,0.0027120963112072407,,,1.0806928,0.16268884,31,3.0908432,1.2844429,13.538,12.929,12.693,0.023,0.026,0.026,18.9305,0.0152,17.6334,0.0067,16.0316,0.0057,15.2523,8.0E-4,14.8856,0.0031,,,,,,,,,,,,,,,,,3242.3113,4.8923,0.1197,0.9968,0.6133,0.9588,0.532,0.4267,0.3609,MARCS,0.0
65299965511216384,true,true,true,165.83788042402063,-23.5718494043882,56.16515315807857,0.039571535,24.52875146114693,0.030043848,7.422471130114677,0.04137065,19.99497293917839,0.055803344,-46.24616712348573,0.04196828,-0.13789554,0.012825873,0.0034078371,-0.21338287,0.23210773,-0.14817785,0.15487432,0.15432899,0.18885785,-0.11996411,15.661935,17.200996,14.453829,9.558314774769635E-4,0.011636882561969085,0.004034952565067785,,,1.133611,0.16363975,31,2.7471676,1.208106,12.726,12.126,11.881,0.024,0.03,0.024,17.5377,0.0131,16.3066,0.0059,14.9336,0.002,14.3187,0.0034,14.0212,0.0032,,,,,,,,,,,,,,,,,3455.2034,4.772,0.0579,0.9897,0.6362,0.9518,0.5395,0.4124,0.4672,MARCS,0.0
64168705486089216,true,true,true,167.98598967765088,-23.754592996550375,57.6160313902337,0.066151455,23.06512486371312,0.040124822,7.249398579166355,0.07077046,18.265411612126584,0.080318026,-44.09683354582957,0.052526597,0.07165707,0.06549803,0.22380804,-0.13064668,-0.0067958296,-0.09368566,0.025181878,0.537751,0.15706202,-0.17067373,16.96899,18.734793,15.688656,8.553435940805509E-4,0.024481588115790775,0.0036501251923145937,,,1.0051093,0.111648396,31,3.0461369,1.2803345,13.845,13.201,12.945,0.021,0.028,0.032,19.1136,0.0116,17.8311,0.0033,16.2564,0.0023,15.5103,0.0038,15.1422,0.002,,,,,,,,,,,,,,,,,3260.2207,4.9111,0.0447,1.0539,0.6524,1.0096,0.5646,0.4449,0.3471,MARCS,0.0
70847512772943488,true,true,true,164.5776463628239,-19.982681178939252,57.86621334558817,0.10262047,27.982004470341742,0.06773763,7.535878473342207,0.11040074,19.970007630629105,0.14535978,-49.05173786140405,0.09504512,0.21312898,0.19366126,0.15479189,-0.1346257,-0.032972332,-0.060529664,-0.004051244,0.5250234,0.12756196,-0.13100185,17.718212,19.74596,16.393206,0.0013271561957718368,0.044452280679413356,0.006181644817378606,,,0.9801616,0.24433538,31,3.3527546,1.3250065,14.459,13.846,13.592,0.038,0.041,0.051,20.1005,0.0185,18.8028,0.0082,16.9826,0.0042,16.15,0.0033,15.7343,0.0035,,,,,,,,,,,,,,,,,3128.5164,4.9648,0.0621,1.1971,0.717,1.1431,0.6315,0.5115,0.2898,MARCS,0.0
64148738180119680,true,true,true,168.14239160424023,-23.804811067591736,57.691890731724996,0.012484839,22.93047700918125,0.008077418,7.329901757417433,0.012998136,19.432050778551144,0.015992705,-44.96311213605481,0.010610592,0.15305066,0.1404327,-0.005151593,-0.11514686,0.0931791,-0.10588595,0.106016755,0.6731513,0.033728905,-0.1963874,12.54847,13.226937,11.7497225,0.0017492649356249488,0.006622990389424762,0.004489463467810902,-13.526904,11.100845,1.0103427,0.05430473,31,1.4772148,0.79874706,10.676,10.054,9.895,0.021,0.022,0.015,13.5134,0.001,12.645,,12.222,,11.968,,11.824,,,,,,,,,,,,,,,,,,4975.5405,4.5712,-0.1208,1.048,0.8095,1.0492,0.6171,0.432,0.7316,MARCS,0.0
65004437401569664,true,true,true,166.97444241744995,-23.936621188608296,56.74245105010891,0.057836544,23.56061715976777,0.044332657,7.355182666949437,0.061603993,20.16316093085053,0.0765661,-46.009191586085336,0.055921752,0.29234037,0.17386334,0.06073674,-0.24218059,-0.12678333,-0.22281885,-0.12101734,0.03616054,0.10452904,0.03526171,16.694729,18.330616,15.449906,0.0011846937899216267,0.0270456939029509,0.003453351992252431,,,1.0239232,0.0,31,2.8807096,1.2448225,13.71,13.116,12.859,0.026,0.033,0.024,18.757,0.01,17.4428,0.0104,15.9734,0.0021,15.2846,0.0057,14.9375,0.0039,,,,,,,,,,,,,,,,,3308.9795,4.9218,-0.0906,0.9465,0.5959,0.9061,0.5113,0.3948,0.3358,MARCS,0.0
63892006512622848,true,true,true,168.8298064346969,-23.76557464205725,58.21556121209022,0.039560042,22.525604769152533,0.025583573,7.4162821627048805,0.04182554,18.998406473715193,0.053825267,-46.56403228084043,0.034135826,0.13236345,0.13087152,0.10321669,-0.1666976,0.11141559,0.00587712,0.13645191,0.5734753,0.062756576,-0.13218598,15.772704,17.341928,14.551169,7.344452520368695E-4,0.00901410673534136,0.002210059300876459,,,1.0604233,0.081362166,31,2.790759,1.2215347,12.823,12.151,11.911,0.022,0.023,0.018,17.7145,0.0086,16.4782,0.0032,15.0646,0.006,14.3994,0.0042,14.0965,0.003,,,,,,,,,,,,,,,,,3434.286,4.7835,0.0943,0.9696,0.6198,0.9344,0.5269,0.4075,0.461,MARCS,0.0
70158977974956672,true,true,true,164.2598129125499,-23.276604628799046,55.17747786165172,0.013901668,25.70526832583363,0.010349336,7.396323568957691,0.015220846,20.785015570847214,0.017531838,-45.87098952659123,0.014633431,0.20563993,0.11699023,0.22926256,-0.13657176,0.15836282,-0.1115595,0.16582215,0.24110326,0.03737833,0.0019273884,12.313311,12.895205,11.586379,0.0015451494306185493,0.005983904290071976,0.003910216159721019,2.4922416,0.97268105,1.1459452,0.06904134,31,1.3088255,0.7269316,10.799,10.24,10.134,0.024,0.031,0.022,13.187,,12.425,,12.123,,11.963,,11.861,,,,,,,,,,,,,,,,,,4938.699,4.6452,-0.1502,0.4412,0.3445,0.4431,0.261,0.1822,0.6835,PHOENIX,0.0
67527885307288192,true,true,true,166.3621944376204,-20.03491991147156,59.21518684477463,0.062417213,26.807229843379318,0.040346023,7.296589514363688,0.07587438,18.485340686092243,0.07334911,-45.3869254834319,0.055725973,0.23654722,0.041795526,0.28913534,-0.041993827,0.0020803695,-0.33688223,0.19030456,0.70401907,0.06002422,-0.40390608,16.362728,17.999723,15.101884,0.0019055937653010822,0.016207643813738206,0.006323286133629029,,,1.0075488,0.035181593,31,2.8978395,1.2608442,13.369,12.742,12.464,0.029,0.033,0.03,18.4253,0.0203,17.081,0.0024,15.6712,0.0036,14.9442,0.0063,14.6153,0.0025,,,,,,,,,,,,,,,,,3337.9966,4.8608,0.0395,1.0163,0.6398,0.9751,0.5487,0.4264,0.3909,MARCS,0.0
69823940463098112,true,true,true,165.5702646383697,-23.367053392414917,56.113347314337666,0.16440582,24.8449545392848,0.112671815,7.4997128273221305,0.17213874,20.833615795268948,0.2119738,-47.790813365486265,0.13709797,-0.05560508,0.017104682,-0.07272782,-0.013288476,-0.059603266,-0.06709638,-0.07724004,0.34817877,-0.049565583,0.08613483,18.244398,19.987055,16.79668,0.0018167091088069516,0.11383674614640778,0.01821885874485551,,,1.0718635,0.41283703,31,3.1903744,1.4477177,10.913,10.248,10.015,0.024,0.032,0.023,,,,,17.4317,0.0148,16.5679,0.0052,16.0179,0.0034,,,,,,,,,,,,,,,,,3002.248,4.5212,-0.5035,1.9562,1.158,1.8134,1.025,0.7884,0.3189,PHOENIX,0.0
69951449452730752,true,true,true,165.68462845464109,-22.473729585615267,56.8579741062699,0.07764434,25.440566366115203,0.049842548,7.235428938011102,0.08104551,20.062196487855136,0.106665514,-45.204694104718186,0.065508984,0.0320717,0.08518461,-0.14545651,-0.28818366,0.13317983,-0.092074335,0.093790494,0.37066048,0.14174516,-0.12947169,16.65519,18.663876,15.329207,0.00123951868773772,0.029194571006868772,0.00266712894569824,,,1.0557957,0.23208992,31,3.3346682,1.3259821,13.337,12.737,12.388,0.025,0.022,0.024,18.9982,0.0096,17.6881,0.0063,15.9336,0.0037,15.0987,0.0049,14.6834,0.0026,,,,,,,,,,,,,,,,,,,,,,,,,,,0.0
65292268929825408,true,true,true,165.8858666656171,-23.693608903788704,56.112090967849646,0.026618874,24.408645421392894,0.01941311,7.176701000098328,0.029531645,20.199761658090104,0.03621974,-43.419547832495866,0.025287518,-0.02207058,0.04257454,0.1448539,-0.12600783,0.11712687,-0.23653138,0.068488784,0.28882745,0.16894943,-0.14686969,15.011795,16.287046,13.89221,0.0012244361298641689,0.004237670583185639,0.0035267915994270445,5.3525763,12.518092,1.0468746,0.0,31,2.3948364,1.119585,12.374,11.687,11.482,0.023,0.028,0.021,16.7077,0.001,15.3862,2.0E-4,14.3389,4.0E-4,13.8505,0.0027,13.5995,5.0E-4,,,,,,,,,,,,,,,,,3549.5576,4.4378,-0.7728,0.8218,0.5508,0.7866,0.4575,0.3291,0.5551,MARCS,0.0
65671634801986048,true,true,true,168.06966812286785,-23.547230374656504,57.83124732910963,0.05016635,23.16358608120615,0.028607186,7.282151258469367,0.05306098,18.816939814241895,0.060433485,-43.442427037819215,0.03721254,-0.080450796,-0.02731984,0.383225,0.04024626,-0.08108786,-0.13534653,-0.062032323,0.68468314,0.25420523,-0.22811204,16.071117,17.700754,14.832083,0.001071081190327363,0.009677914756980443,0.002743120228377026,,,1.0601745,0.10260538,31,2.8686714,1.2390347,13.092,12.429,12.188,0.025,0.028,0.024,18.0906,0.0105,16.8119,0.0053,15.3766,0.0037,14.6746,0.0036,14.3607,0.0013,,,,,,,,,,,,,,,,,3414.1062,4.8075,0.0964,1.1203,0.7109,1.077,0.607,0.4699,0.4409,MARCS,0.0
68014964661425280,true,true,true,164.58783583482307,-25.5278107560504,53.81787672859215,0.09125372,23.79924439729251,0.06647988,7.41927553409548,0.09845349,21.212686658137393,0.11587313,-46.594055883247364,0.083654985,0.1036275,0.010743721,0.040040202,-0.07060928,0.018696422,-0.26073155,0.045102175,0.33289868,0.022035273,-0.040334463,17.378237,19.445175,16.070404,0.0015825954862021686,0.04235463311376609,0.00569531973633792,,,1.0343736,0.29867557,31,3.374771,1.3078327,14.083,13.504,13.185,0.029,0.027,0.028,19.7136,0.0161,18.3969,0.0089,16.6737,0.0077,15.856,0.0025,15.4379,0.0025,,,,,,,,,,,,,,,,,3179.8147,4.9383,0.0713,1.2626,0.7639,1.2058,0.6694,0.5365,0.317,MARCS,0.0
64103009666497024,true,true,true,168.3245525961565,-23.770070841083378,57.849313048424804,0.015518599,22.841272958150647,0.009566543,7.430605491985016,0.016472751,19.641777668946855,0.01943968,-44.98903735020462,0.013182995,0.29632187,0.1265066,0.22777571,-0.22570917,0.06644747,-0.12552512,0.2419848,0.67837083,-0.08678427,-0.2776142,13.666987,14.567012,12.727442,0.0012144216755644037,0.005010489355463192,0.0031368509828028344,8.178869,3.5201716,0.99236435,0.0,31,1.83957,0.93954563,11.448,10.781,10.595,0.022,0.03,0.022,15.0318,0.0022,13.792,0.0115,13.434,,12.975,,12.6806,0.0044,,,,,,,,,,,,,,,,,4129.7964,4.6691,0.1246,0.6174,0.4439,0.597,0.3556,0.2415,0.6244,MARCS,0.0
67085641114472320,true,true,true,166.99093554792069,-21.535005014926966,58.547946463112645,0.06006237,25.31173412692351,0.03684001,7.44152801463991,0.063671574,19.45661899469809,0.08195558,-45.611562941253766,0.049345206,-0.016193604,0.03152803,0.2205995,-0.10844471,-0.060621478,-0.118369214,-0.066597976,0.5544959,0.019932155,-0.19927496,16.777615,18.584688,15.498139,9.23539744737191E-4,0.01912966398238144,0.0027188281619305497,,,0.98098475,0.0,31,3.0865488,1.2794752,13.628,13.002,12.723,0.029,0.031,0.029,18.9603,0.0149,17.6805,0.0056,16.0548,0.0022,15.2975,0.0021,14.9383,0.0026,,,,,,,,,,,,,,,,,3265.4744,4.8976,0.0709,1.1113,0.687,1.0651,0.5949,0.4702,0.3579,MARCS,0.0
63884584809145600,true,true,true,168.91541436877625,-23.81805197341495,58.23743741144484,0.0310239,22.43351088238098,0.019431546,7.425312317573574,0.03291782,18.812148988685426,0.03995051,-45.97078665314908,0.025738902,0.18563601,0.13394003,0.10808577,-0.17758438,0.08754921,0.020970942,0.14893289,0.5654624,0.119052075,-0.10994457,15.189425,16.559381,14.0364685,6.607455822879476E-4,0.0043068476334438355,0.0013802755331340996,-7.8370314,6.703168,1.0516557,0.0,31,2.522913,1.152957,12.449,11.835,11.574,0.024,0.02,0.02,16.9421,0.0073,15.671,0.0046,14.512,0.0028,13.9638,0.0042,13.6935,0.0051,,,,,,,,,,,,,,,,,3584.3188,4.7397,0.0267,0.8992,0.5942,0.8639,0.4969,0.367,0.5068,MARCS,0.0
68618978798306432,true,true,true,164.27186398045083,-23.947778051015227,54.70292014365956,0.022077385,25.188576550930847,0.016145509,7.280129670669819,0.024546647,18.916238255631303,0.029432409,-45.4444030064804,0.022335539,0.08268926,-0.008457002,0.20703226,-0.14393936,0.1772784,-0.22944798,0.14029613,0.21111336,0.23398103,-0.06118748,13.392295,14.380012,12.401081,0.001554469050742183,0.006796905680385895,0.003458308297782872,7.019205,12.276535,1.612552,0.12809111,31,1.9789305,0.9912138,11.038,10.384,10.231,0.022,0.031,0.023,14.7582,0.0039,13.302,,12.777,,12.435,,12.2586,0.0039,,,,,,,,,,,,,,,,,5623.3145,4.6187,-0.6934,2.8339,2.1522,2.8383,1.6517,1.1866,0.703,MARCS,0.0
65053915424355584,true,true,true,166.36438663136374,-24.935336201738963,55.564114916711006,0.088744625,23.191815889549062,0.067838885,7.248243663666067,0.099340156,19.927100246483942,0.105095245,-45.17265679717415,0.084126055,0.23691335,0.18384047,0.33346233,-0.072987944,0.1800333,-0.17872022,0.21807201,0.38855672,0.022085147,-0.11899632,17.104906,19.01437,15.805661,0.0011551054899512356,0.02454924176227539,0.0038454517345775244,,,1.0374994,0.21064217,31,3.2087088,1.2992449,13.868,13.296,13.057,0.026,0.024,0.03,19.362,0.0133,18.0888,0.0051,16.3882,0.004,15.584,0.0038,15.1872,0.005,,,,,,,,,,,,,,,,,3205.7715,4.9068,0.135,1.0674,0.6503,1.0255,0.5671,0.4584,0.3474,MARCS,0.0
65294807253267328,true,true,true,165.96330149430318,-23.663305309920652,56.19232413412733,0.15163845,24.383982373328962,0.11243798,7.304990403940584,0.18355542,19.564388234148808,0.21331099,-45.3960205422828,0.15816478,0.18236132,0.2600995,0.25665736,-0.04547415,0.08553618,-0.06071491,0.10003654,0.37750062,0.21199106,-0.23369332,18.09578,19.91787,16.756044,0.0019225533577532283,0.08226156393953582,0.007619308175129431,,,0.9145,0.25235394,95,3.1618252,1.339735,14.724,14.089,13.758,0.035,0.047,0.039,20.593,0.0456,19.2473,0.013,17.3665,0.0059,16.5193,0.004,16.0759,0.0036,,,,,,,,,,,,,,,,,3095.9722,4.9789,0.0472,1.1074,0.6595,1.0581,0.5826,0.4752,0.2724,MARCS,0.0
64588753286083328,true,true,true,165.68771000881992,-26.50562028072583,53.943451846806774,0.103715576,22.413712390200445,0.0846846,7.102051730797974,0.122063376,20.766960018308463,0.137784,-44.55793336478729,0.10750389,0.3477747,0.24956377,0.029275412,-0.11978083,0.05148473,-0.24532783,0.011347978,0.2843877,0.25625136,0.102316715,17.380531,19.306372,16.079565,0.0014422184226172213,0.040697842601000025,0.0036547657826916094,,,0.8975878,0.52745265,95,3.2268066,1.3009663,14.152,13.571,13.271,0.026,0.032,0.033,19.6778,0.0157,18.392,0.0082,16.6702,0.0016,15.8693,0.004,15.4785,0.0093,,,,,,,,,,,,,,,,,3209.4255,4.9311,0.0528,1.226,0.7477,1.171,0.6525,0.5185,0.326,MARCS,0.0
66847631206903040,true,true,true,165.90061036991239,-22.69551429100072,56.857553040083815,0.048146915,25.14231117639311,0.037469078,7.43271679437676,0.05222286,20.019691948452678,0.05902314,-46.62908653221418,0.04730823,0.14483392,0.20107456,0.17594932,-0.07165009,0.19484055,-0.12617739,0.16569313,0.36120647,0.008402835,-0.043100383,15.424488,17.10973,14.1731,0.002309571521061344,0.016705064576645973,0.0046364176993913325,5.5101414,6.2677627,1.4722563,0.2695317,31,2.9366293,1.2513876,12.357,11.71,11.446,0.021,0.019,0.02,17.5165,0.0089,16.2397,0.0062,14.6992,0.0105,14.0012,0.0029,13.6543,0.0053,,,,,,,,,,,,,,,,,3362.5005,4.4045,-0.3456,1.3459,0.8498,1.2882,0.728,0.5601,0.6174,MARCS,0.0
65717814290369920,true,true,true,168.08418048358683,-22.73819783815149,58.4483083989658,0.06260147,23.741741817375793,0.038772292,7.728498800241649,0.072154924,19.262269659732578,0.07027992,-47.78798858909191,0.0505492,0.21880019,0.0726936,0.408897,-0.037978407,-0.007808117,-0.18449496,0.13510251,0.5623689,0.14025918,-0.24661386,16.219612,17.903921,14.962777,8.163097744428324E-4,0.019596903183420958,0.001544228045380101,,,1.1809828,0.24493018,31,2.941144,1.256835,13.181,12.582,12.28,0.023,0.023,0.022,18.2891,0.0144,17.0397,0.0049,15.4953,0.0031,14.7875,0.0032,14.4407,0.0017,,,,,,,,,,,,,,,,,3334.3118,4.8484,0.1009,1.0393,0.651,0.9996,0.5595,0.4401,0.4027,MARCS,0.0
67656665605333888,true,true,true,164.60340186757105,-26.77029565476868,52.95779386064385,0.07265344,22.839990849153867,0.056187257,8.083688638029253,0.0893519,23.577732622963737,0.10586691,-49.76467708983897,0.07329494,0.29104397,0.16323292,-0.043406848,-0.34789482,0.063963726,-0.3314677,-0.046934973,0.072138734,0.45176986,0.060692478,16.639168,18.279505,15.375237,0.0015389018133952876,0.03315696387007066,0.004261599406726988,,,1.1157457,0.26804018,31,2.9042673,1.2639303,13.583,13.006,12.749,0.023,0.026,0.024,18.7504,0.0115,17.4816,0.0096,15.906,0.0069,15.1796,0.0021,14.8513,0.0029,,,,,,,,,,,,,,,,,3265.089,4.9092,0.0353,0.9096,0.566,0.8729,0.4883,0.3846,0.3476,MARCS,0.0
64874454510493440,true,true,true,166.99130037685387,-24.43111234942548,56.391676137260475,0.07859121,23.18501072439178,0.053483542,7.391450378010349,0.087295204,19.867425915830438,0.1131215,-45.280806446540474,0.068591125,0.023274736,0.10711038,0.021722615,-0.22587535,0.03999219,-0.08805274,-0.043170054,0.30203527,0.33214274,0.05611939,17.110922,19.046177,15.804014,0.0013407090001487214,0.039454666666259554,0.004723942555360991,,,1.0255045,0.15083061,31,3.2421627,1.3069077,13.887,13.319,13.005,0.025,0.031,0.028,19.4091,0.0154,18.1205,0.0046,16.3831,0.0045,15.5947,0.0023,15.1937,0.0041,,,,,,,,,,,,,,,,,3213.0535,4.9146,0.0963,1.1598,0.7076,1.1112,0.617,0.4942,0.341,MARCS,0.0
65437644983223936,true,true,true,169.0094335901987,-22.737253069982813,59.119359567338776,0.057025928,23.150822860501343,0.03792411,7.293223370439239,0.059365094,18.388670560532795,0.07451004,-46.78689957669854,0.051791865,0.22355904,0.25347602,-0.19431129,-0.15408452,0.35129255,-0.122123316,0.3221163,0.722564,0.21309541,-0.2573868,15.836971,17.068968,14.543722,0.0016286973373109497,0.03703655047781715,0.011232825084414443,,,1.2734071,0.23992163,31,2.5252457,1.2932491,12.699,12.141,11.899,0.159,0.071,0.038,16.631,,15.9334,0.0113,14.7855,0.011,14.317,0.004,13.9864,0.0046,,,,,,,,,,,,,,,,,,,,,,,,,,,0.0
70169251536714624,true,true,true,164.3429155228111,-22.926022895085982,55.49621763545559,0.014181039,25.920717603367972,0.010060375,7.291083068714323,0.016311152,20.577735288715886,0.016477574,-45.13735752166035,0.012680586,0.22119205,0.07396528,0.34312254,-0.21111393,0.061444607,-0.28160977,-0.0025545792,0.08350711,0.15776245,0.069397815,12.449474,13.063317,11.700975,7.360059406824021E-4,0.0028019092103058704,0.0018991028189038004,5.3207684,1.5156277,1.0878749,0.055525914,31,1.3623419,0.7484989,10.752,10.167,10.074,0.022,0.03,0.019,13.3643,0.002,12.6234,0.1096,12.1,0.0,11.9835,0.001,12.1578,0.0012,,,,,,,,,,,,,,,,,4658.3354,4.5787,-0.1038,0.3485,0.2684,0.3472,0.2055,0.1418,0.7158,MARCS,0.0
65229184450247296,true,true,true,166.36467354008954,-23.626639909604805,56.519106151072684,0.09199151,24.165368569020757,0.06224479,7.497115632105594,0.10239434,18.937810788453277,0.11629534,-44.62061805868336,0.07551054,0.019031623,-0.07703891,0.24554309,-0.16618165,0.04467742,-0.35080725,0.039808333,0.36078286,0.15448126,-0.14805919,17.291239,19.20061,15.989532,0.0011387806752721802,0.037812862156490844,0.003449129195767123,,,1.0340664,0.23182452,31,3.2110767,1.3017063,14.133,13.509,13.151,0.034,0.037,0.023,19.5276,0.0198,18.2835,0.0047,16.5635,0.0027,15.7762,0.0038,15.386,0.0042,,,,,,,,,,,,,,,,,3185.717,4.9401,0.0597,1.0961,0.6668,1.0488,0.5824,0.4666,0.316,MARCS,0.0
66785504503382528,true,true,true,166.125318396453,-23.459795957540475,56.46297350545709,0.20342697,24.436236707935745,0.12922901,7.209794353551507,0.20679016,18.427704529113974,0.3071217,-46.40663934106374,0.17059079,-0.19841525,-0.097164854,-0.16968812,0.01611822,-0.15407558,-0.04197003,-0.154967,0.510156,-0.130271,0.0909871,18.111868,19.502014,16.737078,0.004482611897164026,0.13884137019303597,0.007417484946864048,,,0.948428,0.48451993,95,2.7649364,1.3747902,14.764,14.186,13.778,0.035,0.046,0.032,20.5312,0.0978,19.3079,0.0136,17.4152,0.0054,16.5138,0.0037,16.0615,0.0033,,,,,,,,,,,,,,,,,3129.9216,4.966,0.0517,1.4561,0.8683,1.3846,0.7671,0.6176,0.2881,MARCS,0.0
69990001079112320,true,true,true,165.69250638627418,-21.871283437863877,57.31200331145015,0.12516195,25.88273495975086,0.08072946,6.048395671932161,0.14181103,14.559726920594912,0.14474511,-38.02662340711617,0.1056446,0.23748744,0.12723221,0.39452812,-0.054517042,0.0128282225,-0.1877007,0.15235782,0.65784895,0.02703304,-0.2763599,17.706488,19.731886,16.357876,0.001362473496743066,0.04584372638074183,0.005903306336892673,,,1.0329525,0.34842712,31,3.37401,1.3486118,14.353,13.79,13.415,0.049,0.065,0.044,20.2119,0.0062,18.8362,0.0074,16.9888,0.0054,16.1181,0.0035,15.6867,0.0057,,,,,,,,,,,,,,,,,,,,,,,,,,,0.0
66802207632871808,true,true,true,165.91800095570497,-23.443449354977897,56.31946543928191,0.036064122,24.575481115491094,0.023314826,7.666701713472894,0.037823208,20.82255034321436,0.051307898,-47.73125292623668,0.030625746,0.0045281686,0.045065165,-0.1503994,-0.20076974,-0.04006356,-0.12924318,-0.07170702,0.39721128,0.10586657,-0.030401729,15.082205,16.466335,13.920368,0.001384150413798299,0.011796410577295474,0.004090222876991369,,,1.0978314,0.097730696,31,2.545967,1.1618366,12.309,11.686,11.451,0.03,0.032,0.018,16.8325,0.0033,15.6132,0.0051,14.404,0.0036,13.838,0.0029,13.5659,0.0036,,,,,,,,,,,,,,,,,3444.0264,4.419,-0.639,0.7848,0.5149,0.7536,0.432,0.3215,0.549,MARCS,0.0
68129764842889600,true,true,true,165.68729520605947,-24.82381015191238,55.14330480576736,0.01514935,23.68240599457382,0.010859285,7.498550540761937,0.018651677,20.545720040636127,0.019217445,-45.62887996372441,0.013809455,0.27676544,0.026760377,0.2330317,-0.20591716,-0.09557081,-0.42089558,-0.07560245,0.22127314,0.21848534,-0.15531269,10.699779,11.072549,10.161397,5.986585522053325E-4,0.002195965202332147,0.001373248695593598,5.0710874,0.5010181,0.9385416,0.07627997,31,0.9111519,0.5383816,9.585,9.241,9.148,0.02,0.021,0.017,11.5249,0.001,12.5281,0.0266,10.2805,0.0221,10.4416,0.1356,10.889,0.001,,,,,,,,,,,,,,,,,5697.676,4.4525,-0.1704,0.1552,0.1285,0.1615,0.093,0.0685,0.9144,PHOENIX,0.0
63593798341985152,true,true,true,168.10472334238884,-25.456626910726666,56.44566068110117,0.09846481,21.74683088275721,0.086624056,8.15854167678367,0.1379612,21.819412763175173,0.13091175,-50.536618795491194,0.10688964,0.41864592,0.22634237,0.13906491,-0.17492111,-0.029922675,-0.5219938,0.035389718,0.4299924,0.09621967,-0.37578312,17.087347,19.225523,15.744163,0.001522111175781587,0.042473641323724776,0.003324332609385338,,,1.0640926,0.30170563,31,3.4813604,1.3431845,13.774,13.158,12.822,0.024,0.021,0.027,19.5094,0.0107,18.2144,0.0055,16.3701,0.0046,15.5077,0.002,15.0871,0.0036,,,,,,,,,,,,,,,,,3203.2822,4.8847,0.1994,1.4757,0.8882,1.4135,0.7798,0.6335,0.3641,MARCS,0.0
68591456647799552,true,true,true,164.6184365074679,-23.415616965107247,55.35292270473847,0.09564613,25.38482971529277,0.062243734,7.107390645724756,0.1028453,19.446567807724882,0.14174193,-43.1681210053775,0.09092039,-0.29562044,0.010895697,-0.36460918,0.2092671,-0.22832927,-0.23416853,-0.12415708,0.24146537,-0.23522224,0.25274938,17.099754,18.912289,15.839739,0.0013793664393449093,0.033715024309838075,0.0033401891139907005,,,1.0511023,0.17862178,31,3.0725498,1.2600155,14.05,13.415,13.099,0.024,0.033,0.026,19.2419,0.0075,17.9844,0.0057,16.3815,0.0013,15.652,0.002,15.2955,0.0033,,,,,,,,,,,,,,,,,3245.7878,4.9397,-0.0388,1.0245,0.6347,0.9795,0.5493,0.4302,0.3185,MARCS,0.0
64066107307543296,true,true,true,168.45374418942706,-24.062314756684966,57.7244693872803,0.014738594,22.547865345919984,0.007888133,7.265606256190289,0.014892689,17.873394979928694,0.020576183,-45.12251929683014,0.01115941,0.111840665,0.10546677,-0.09219528,-0.38784486,0.12311181,-0.06769328,0.1450737,0.6598558,0.16813345,-0.2776015,12.36464,12.959124,11.627783,0.0015107937862119517,0.005432275778993125,0.0038485190047391963,4.615123,0.95076483,1.0412614,0.057194576,31,1.3313408,0.7368574,10.683,10.112,9.987,0.024,0.022,0.018,13.2051,0.001,12.4093,0.001,13.5351,0.0012,12.0989,0.0793,11.7115,0.001,,,,,,,,,,,,,,,,,4613.295,4.5094,-0.8419,0.283,0.2194,0.284,0.1668,0.1172,0.7449,PHOENIX,0.0
66658240329321088,true,true,true,166.99725588966663,-22.58141106228217,57.76509213509881,0.05119347,24.542956563812567,0.033213254,7.468706765589364,0.055209234,19.24737560473578,0.06840699,-46.16751787518278,0.045110535,0.1270801,0.11460979,0.2605843,-0.08526149,0.003333615,-0.042511113,0.056161366,0.67862463,-0.028846947,-0.2067539,16.36067,18.048218,15.105106,0.0010095139563928114,0.015611080161723079,0.0027909705157462333,,,0.9989945,0.0,31,2.9431114,1.2555637,13.284,12.719,12.462,0.022,0.023,0.025,18.4431,0.0095,17.2389,0.0049,15.6517,5.0E-4,14.9475,0.0018,14.5983,0.0034,,,,,,,,,,,,,,,,,3279.0464,4.7589,-0.1234,0.9514,0.5949,0.9128,0.512,0.4008,0.3999,MARCS,0.0
65434518247043072,true,true,true,169.03901072059583,-22.86559364342968,59.043355967436035,0.03312137,23.039795774197692,0.01912426,7.401322942096517,0.034953292,19.15024658812861,0.045326807,-44.76231192792038,0.024261152,0.11087393,0.11392256,-0.01424481,-0.3016715,0.10327019,0.034835394,0.11201212,0.56253624,0.3230106,-0.0011467178,15.266522,16.607735,14.125302,6.273073060532692E-4,0.005954578037449577,0.0017940871250037556,6.800405,4.360878,1.043466,0.056131266,31,2.4824324,1.1412201,12.555,11.863,11.619,0.027,0.026,0.021,17.0137,0.0063,15.7287,0.0034,14.6061,0.0048,14.0612,0.0039,13.7871,0.0029,,,,,,,,,,,,,,,,,3580.299,4.702,-0.2852,0.9265,0.616,0.8879,0.5137,0.3742,0.4965,MARCS,0.0
70310027681371648,true,true,true,164.37370595008224,-21.999795432732274,56.198357750372296,0.01788426,26.600591419395265,0.012335415,6.561997163672969,0.019722363,18.184316478525954,0.021088917,-41.76124647619076,0.01512425,0.17019291,-0.09546717,0.26970658,-0.15136085,0.04365748,-0.33070135,0.09587768,0.31991294,0.09795954,-0.031386938,13.87592,14.75958,12.942434,0.0026100545191200075,0.009857055942521464,0.007148139900229791,14.480397,6.7533765,0.9952522,0.0,31,1.8171453,0.933486,11.728,10.989,10.828,0.029,0.03,0.02,15.1072,0.0072,13.9102,0.0029,13.357,,13.0294,0.0056,12.863,0.0025,,,,,,,,,,,,,,,,,4253.0547,4.6622,0.1011,0.628,0.455,0.6079,0.3627,0.2453,0.6269,PHOENIX,0.0
66876596467931776,true,true,true,166.38802511076418,-22.33529805051382,57.493140583588925,0.12310455,25.105670495329786,0.065998815,7.533728444357108,0.124690175,19.409193610428204,0.16725971,-47.91663424484297,0.088340044,0.18647128,0.18128882,-0.22071448,-0.37498778,0.075853914,-0.027392952,0.065385066,0.6111354,0.16307536,-0.21043319,17.568546,19.525105,16.238928,0.0013383810539972503,0.05114320796239313,0.0033298369473008936,,,0.9537864,0.0,31,3.2861767,1.3296185,14.251,13.737,13.405,0.027,0.038,0.037,19.9624,0.1059,18.6021,0.0091,16.8594,0.0033,16.0284,0.0042,15.6336,0.0052,,,,,,,,,,,,,,,,,3209.2793,4.9538,-0.0314,1.5382,0.9347,1.4593,0.8182,0.6412,0.3029,MARCS,0.0
66831172892327680,true,true,true,166.21475530747037,-22.594983121807687,57.16924995575434,0.14912361,25.022027265858245,0.09277395,7.127345638109044,0.14876708,19.989028341757596,0.21234728,-44.09367382580041,0.122675456,-0.007850772,-0.063753165,0.071012594,-0.16382739,-0.1396742,-0.15062137,-0.113890074,0.4912878,0.051576696,-0.12663603,18.0745,20.373697,16.704256,0.0018322152011455393,0.10591840272981738,0.007266301771807233,,,0.9548437,0.0,31,3.6694412,1.3702431,14.602,13.987,13.613,0.03,0.04,0.037,20.6169,0.0236,19.2959,0.0087,17.3843,0.0025,16.4581,0.0036,15.9959,0.0028,,,,,,,,,,,,,,,,,3091.984,4.9728,0.0794,1.4673,0.8661,1.3958,0.769,0.6268,0.2788,MARCS,0.0
68261053403709312,true,true,true,165.6976996466039,-24.237864749022812,55.57465383102236,0.07089568,24.115879200282908,0.05548085,7.320116788280949,0.077533424,20.988189418763042,0.099938326,-45.19580121506285,0.072081916,0.006422456,0.18740532,0.10619903,0.024125425,-0.06327927,-0.016803082,-0.13334845,0.2486144,-0.03354747,0.1488691,17.022444,18.84837,15.73141,0.0010899467456716811,0.032602629601465656,0.004063709244434365,,,0.99574137,0.0,31,3.1169596,1.2910337,13.813,13.217,12.971,0.027,0.032,0.035,19.2346,0.0126,17.9752,0.0087,16.3034,0.0027,15.522,0.0024,15.1467,0.0023,,,,,,,,,,,,,,,,,3187.2163,4.9302,0.0887,0.7735,0.4734,0.7448,0.4117,0.333,0.3252,MARCS,0.0
66846291177113088,true,true,true,165.9260440382234,-22.74943716843895,56.83687734919407,0.025522862,25.086565724768334,0.022834573,7.256440119595136,0.031353235,18.658646636187495,0.03260498,-45.977086468875946,0.029459007,0.40962976,0.24253789,0.20547922,0.02635541,0.25572166,-0.42232415,0.38040838,0.6057154,-0.13055502,-0.34699032,14.673388,15.891913,13.578023,8.031000240647382E-4,0.004507919549935084,0.002114430291792015,-5.889921,8.986962,1.005088,0.0,31,2.3138905,1.0953646,12.106,11.365,11.136,0.027,0.037,0.018,16.387,0.0068,15.0281,0.0045,14.0905,0.0057,13.5814,0.0052,13.327,0.0045,,,,,,,,,,,,,,,,,3816.0435,4.6865,0.0719,1.0844,0.7383,1.0382,0.609,0.4291,0.5772,MARCS,0.0
63449521800719488,true,true,true,168.13390937268906,-26.407407369291704,55.77398249072309,0.07937214,21.030219725596368,0.058686476,7.661183575372759,0.10211455,19.368666734238875,0.11906767,-46.28315605087656,0.072046146,0.13946542,0.08163492,-0.01755523,-0.26139325,0.018552827,-0.38742897,-0.14750366,0.18161656,0.5047049,-0.024348252,17.138874,19.031832,15.843201,0.001134232359076932,0.025703386239385995,0.004626817518430983,,,0.98482674,0.06222806,31,3.188631,1.2956734,14.02,13.385,13.071,0.022,0.027,0.027,19.4169,0.0094,18.1419,0.0048,16.4254,0.006,15.6324,0.0021,15.2488,0.004,,,,,,,,,,,,,,,,,3211.9954,4.9241,0.0762,1.1298,0.6901,1.0819,0.6014,0.4804,0.3329,MARCS,0.0
68449757086421760,true,true,true,164.63441769981355,-24.302103201387727,54.72576070048866,0.09615621,24.704218228358506,0.07136525,7.859327811537192,0.10317118,21.82394240715693,0.12080711,-46.966397357964595,0.08931444,0.066681035,0.055360284,0.056909822,0.047184236,-0.15823697,-0.087751225,-0.15689579,0.28716496,-0.04562519,0.07790752,17.407322,19.50424,16.049368,0.0015082723203736134,0.08213637891003743,0.0051796132957755,,,0.9957497,0.191827,31,3.4548721,1.357954,14.022,13.393,13.086,0.034,0.032,0.028,19.9476,0.0151,18.6719,0.0088,16.7015,0.0044,15.7937,0.0029,15.3333,0.0035,,,,,,,,,,,,,,,,,3062.7136,4.8996,0.3995,0.8624,0.5078,0.8369,0.4496,0.3872,0.3426,MARCS,0.0
65781345446197504,true,true,true,168.50599845448215,-21.993203386775054,59.32027138426084,0.01764179,24.00899009889595,0.009007851,7.602595875652743,0.016600179,19.19173234565891,0.021973776,-46.886966066874,0.011478687,0.047660246,-0.005339186,-0.0059804884,-0.45416632,0.15860878,0.0063043847,0.2157536,0.48118925,0.15655114,-0.1605586,12.35714,12.962699,11.609704,0.001580162755713439,0.0054166080257871535,0.004192786234445298,6.4687214,3.985831,1.0650197,0.06612657,31,1.3529949,0.74743557,10.664,10.082,9.945,0.023,0.023,0.02,13.321,,12.468,,12.107,,11.899,,11.777,,,,,,,,,,,,,,,,,,4982.702,4.6166,-0.2062,0.7188,0.562,0.7243,0.4247,0.2998,0.6911,MARCS,0.0
65003612767943040,true,true,true,167.0002139934899,-23.938729218556286,56.759854923492746,0.11288888,23.543160259903228,0.08817894,7.582012654647615,0.11968213,20.174479794914443,0.1479145,-47.09982488667018,0.11324481,0.3312355,0.19119395,0.10716718,-0.2692031,-0.13328272,-0.21624917,-0.12350591,-0.040301163,0.07763428,0.03966461,17.898127,20.17663,16.506802,0.0015560353873729975,0.08524198792359068,0.008351795371329062,,,0.94226295,0.0,31,3.6698284,1.391325,14.275,13.657,13.289,0.029,0.037,0.038,20.605,0.0225,19.2306,0.0096,17.1971,0.0021,16.2411,0.002,15.7502,0.0033,,,,,,,,,,,,,,,,,3055.5562,4.9175,0.3153,1.3686,0.7977,1.3139,0.711,0.6029,0.3241,MARCS,0.0
65435102362687616,true,true,true,169.0441213585096,-22.79016151857986,59.10418014852836,0.02160744,23.090594019048243,0.012969313,7.422215701590819,0.022585288,19.733607949420545,0.028124481,-46.26980424605291,0.017058609,0.18632796,0.095712826,0.092924505,-0.18966326,0.06802548,-0.011070148,0.14880276,0.6007591,0.07538777,-0.10807499,14.358019,15.443427,13.325564,5.286036449900444E-4,0.0023265865003683703,0.0011679768269990815,5.059337,2.9373264,1.0797757,0.0,31,2.1178627,1.0324545,11.967,11.304,11.078,0.024,0.022,0.017,15.8659,0.004,14.589,0.0022,13.7532,0.0042,13.3831,0.0043,13.1596,0.0031,,,,,,,,,,,,,,,,,3882.533,4.6895,-0.0012,0.7999,0.5561,0.7676,0.4538,0.3137,0.5751,MARCS,0.0
70121805035254144,true,true,true,164.38519141160273,-22.93866202206212,55.51973531138045,0.015791042,25.885673026076415,0.01142658,7.455247491858338,0.018205592,21.057609030003384,0.018350184,-46.89673268846661,0.013836534,0.16873248,0.16757618,0.30895528,-0.17015854,0.10185115,-0.18143988,-0.016889999,0.08757587,0.23987238,0.12712657,12.406143,13.022924,11.657304,0.001119852576133967,0.003673138219367225,0.0028809747152402114,4.7194905,1.1474776,1.1817119,0.08432379,31,1.3656206,0.7488394,10.784,10.183,10.093,0.022,0.027,0.021,13.152,,12.375,,12.09,,11.949,,11.843,,,,,,,,,,,,,,,,,,4677.5244,4.5822,-0.061,0.3698,0.2849,0.3684,0.2181,0.1504,0.7169,MARCS,0.0
66735446661374976,true,true,true,166.39184325198931,-23.2960038656529,56.782901747246996,0.10097495,24.39366460107138,0.06886404,7.034787986819494,0.10991367,19.49858518138614,0.15904829,-44.450118046415774,0.10008563,-0.03068468,0.011544951,-0.18946256,-0.12258656,0.15319507,-0.3158912,0.107835285,0.42117223,-0.004991964,-0.3609343,17.16143,18.948214,15.899798,0.0015199345597084121,0.049502912973408246,0.004781854195661479,,,1.0650328,0.23121463,31,3.0484152,1.261632,14.045,13.407,13.096,0.029,0.034,0.025,19.3369,0.0149,17.9986,0.0068,16.4438,0.0019,15.7197,0.0051,15.3687,0.0047,,,,,,,,,,,,,,,,,3308.2585,4.9413,-0.1359,1.3559,0.8462,1.2896,0.7302,0.5595,0.3199,MARCS,0.0
68261946756899456,true,true,true,165.69887275247208,-24.146824131735137,55.641609320434284,0.1129972,24.183383816297255,0.08317944,7.486610378982209,0.12179756,21.322857580850933,0.13737822,-43.9430880244945,0.10301351,0.18604046,0.13199186,0.24325237,-0.2630532,0.02042513,-0.20280859,0.012907665,0.07067867,-0.008747299,0.030640563,17.688309,19.731678,16.364979,0.0018227293634297437,0.07283061121390279,0.0072891291259026235,,,1.0890057,0.33174512,31,3.3666992,1.3233299,14.388,13.698,13.417,0.035,0.036,0.036,20.0685,0.0247,18.7418,0.0048,16.9593,0.0043,16.1347,0.0021,15.7107,0.0042,,,,,,,,,,,,,,,,,3145.381,4.9772,-0.0116,1.2159,0.7326,1.1579,0.6437,0.5142,0.2775,MARCS,0.0
67368868438779392,true,true,true,165.95415013398932,-21.419122117414513,57.85075265100442,0.035054248,26.053004292026344,0.019880166,7.5490941562573015,0.03580963,18.734513286680105,0.048859652,-46.23739946604758,0.026948966,0.1285852,0.12125934,0.11552596,-0.20986813,0.024819013,-0.0039207605,0.049513415,0.6194189,0.0017414264,-0.1588216,15.409541,16.849098,14.224479,5.411335675487132E-4,0.008102137922509014,0.0012065866581553422,-1.9946754,7.8051605,0.99967563,0.0,31,2.6246195,1.1850624,12.57,11.967,11.678,0.022,0.021,0.025,17.2124,0.0061,15.9721,0.0038,14.701,0.0049,14.1039,0.001,13.8317,0.0024,,,,,,,,,,,,,,,,,3468.3772,4.6786,-0.2132,0.9058,0.5893,0.8699,0.4967,0.3732,0.498,MARCS,0.0
64157023175179776,true,true,true,168.14240149146804,-23.61624054971003,57.83246207983878,0.114958614,23.067645295503368,0.06596867,7.370749551185829,0.1310374,19.23268388146952,0.13327566,-43.413694043478245,0.08674997,0.10277803,0.14894906,0.43938142,-0.01785825,-0.02613274,-0.031904228,0.046972807,0.62772846,0.24655136,-0.20189776,17.615984,19.594332,16.28302,0.00183190817241116,0.046644681672883395,0.00542928271917473,,,1.0775449,0.29868767,31,3.3113117,1.332964,14.198,13.478,13.306,0.027,0.03,0.025,20.1312,0.064,18.7248,0.0121,16.8942,0.0078,16.0386,0.0039,15.6161,0.0038,,,,,,,,,,,,,,,,,3132.6653,4.9437,0.1214,1.2587,0.7518,1.2033,0.663,0.5404,0.3088,MARCS,0.0
70127955428529536,true,true,true,164.67218029525387,-22.897904392862152,55.77098887380925,0.06720357,25.742928469245964,0.04837726,7.525572168680947,0.0775419,20.486585613944392,0.084156714,-47.0037030119274,0.06652268,0.2804795,0.12754019,0.3655336,-0.058706094,0.13027784,-0.15468913,0.13740043,0.28542572,0.1762153,0.0013046482,16.52787,18.299717,15.255199,0.0012030013081094587,0.016606386443868252,0.0029645188551832053,,,1.0766809,0.2356352,31,3.0445175,1.2726707,13.397,12.781,12.523,0.028,0.032,0.029,18.6764,0.0092,17.3999,0.0065,15.8276,0.0033,15.085,0.0047,14.7166,0.0027,,,,,,,,,,,,,,,,,3277.0415,4.835,0.0469,1.0776,0.669,1.033,0.578,0.455,0.3844,MARCS,0.0
64050645425295872,true,true,true,168.59256568037455,-24.13966624151166,57.76638978663602,0.01881481,22.404544971048768,0.009865992,7.434510624162738,0.018818285,19.342089985005458,0.026083885,-45.99644636903686,0.014085068,0.042682797,0.07043356,-0.13407275,-0.41721457,0.111677565,-0.15399519,0.08807763,0.6146439,0.16203953,-0.34260854,13.859603,14.819051,12.886795,0.0010798489182892077,0.003821818543290694,0.0025445329757872275,9.1435375,2.8370612,1.0405931,0.0,31,1.9322557,0.9728079,11.608,10.909,10.732,0.02,0.022,0.018,15.268,0.006,14.0511,0.0089,13.345,0.001,12.9785,0.0208,12.7935,0.0027,,,,,,,,,,,,,,,,,4149.231,4.681,0.0931,0.7831,0.5575,0.7541,0.4484,0.3056,0.6118,PHOENIX,0.0
64430939007563520,true,true,true,167.00647131409298,-25.61067192932208,55.544263544796216,0.112964965,22.301387062127162,0.083373465,7.592745502178547,0.13938503,21.559654491600334,0.14114702,-49.0451983136885,0.10373444,0.12606516,0.015106735,0.2119591,-0.2571577,-0.03614751,-0.40792188,-0.033092942,0.20810644,0.20193297,-0.28025404,17.520615,19.547853,16.19287,0.0018098902231184705,0.0438518849403189,0.006241831285005178,,,1.0153431,0.32003832,31,3.3549843,1.3277454,14.19,13.61,13.26,0.027,0.03,0.028,19.9045,0.0144,18.603,0.0077,16.8054,0.0027,15.9451,0.0032,15.5224,0.0116,,,,,,,,,,,,,,,,,3133.4358,4.949,0.0999,1.136,0.6812,1.0873,0.5994,0.4878,0.3038,MARCS,0.0
63826448131945984,true,true,true,169.18043854799095,-24.432722965418233,57.9663345193002,0.039342523,21.822564566552924,0.02534443,7.463877991507574,0.042945378,20.386327802554828,0.052010972,-45.64281530094115,0.033992,0.119946934,0.12268943,0.15351236,-0.11262677,0.08932992,-0.1033074,0.13351762,0.7081634,0.20025708,-0.23731561,15.841362,17.418045,14.621999,7.573336985122582E-4,0.008813301776908544,0.0018198023239373827,,,1.0005019,0.012485722,31,2.7960463,1.2193632,12.918,12.304,12.037,0.032,0.034,0.026,17.8291,0.0108,16.5574,0.0063,15.1572,0.0058,14.4801,0.003,14.1831,0.0039,,,,,,,,,,,,,,,,,3333.9,4.4387,-0.6299,0.9874,0.6309,0.9458,0.537,0.4088,0.4722,MARCS,0.0
70234882933734400,true,true,true,164.71701159510786,-22.331191473506642,56.22103743980827,0.014249077,26.14179686806,0.009766309,7.831227884182649,0.01509799,21.608963391389935,0.018705988,-48.860303460513464,0.012931634,0.0975774,0.048019677,-0.0023907812,-0.28477326,0.09630782,-0.23844396,0.11378452,0.24746089,-3.6822952E-4,-0.10035661,12.130169,12.696342,11.417966,0.0012745091019683004,0.0043551907334725805,0.003049207931148178,5.227652,0.7509184,0.9503228,0.056719486,31,1.2783766,0.712203,10.589,10.027,9.929,0.027,0.034,0.018,12.9101,0.0033,12.1441,0.0335,12.6742,0.0,11.6669,0.0283,11.7225,0.128,,,,,,,,,,,,,,,,,4668.63,4.5841,-0.0265,0.1516,0.1175,0.1514,0.0896,0.0618,0.7179,MARCS,0.0
66767843597097856,true,true,true,166.40273491508785,-23.01681585855579,56.99745157519385,0.10951061,24.593481650943612,0.09793428,7.360473013880846,0.13720988,19.789732135352605,0.14472686,-45.6850455441756,0.1400369,0.4578597,0.30166173,0.072997175,-0.006467496,0.18986371,-0.40947658,0.2618965,0.4314259,-0.0819894,-0.34839174,17.77927,19.776958,16.462059,0.0018632061342422274,0.0698145818358213,0.006449388047884407,,,1.0213176,0.14328045,31,3.3148994,1.3172112,14.489,13.918,13.547,0.028,0.032,0.04,20.1447,0.0292,18.8315,0.01,17.0641,0.0018,16.2447,0.0027,15.837,0.0039,,,,,,,,,,,,,,,,,3131.2827,4.9954,-0.0437,0.9845,0.5941,0.9401,0.5213,0.4188,0.2616,MARCS,0.0
65221586651685248,true,true,true,166.4271219910489,-23.728804847973453,56.49050612273433,0.16574872,24.051232484000153,0.1086612,7.147155067867327,0.19160649,18.21744136298265,0.19834158,-44.80112017638531,0.13910739,0.15908736,0.0056599537,0.4315219,-0.07399027,-0.09154181,-0.27967018,-0.023611177,0.3445159,0.11856275,-0.21681842,18.095722,19.827961,16.742,0.0017331389998180592,0.16365931007789322,0.009164050818294613,,,1.0574329,0.66806024,95,3.0859604,1.3537216,14.709,14.084,13.815,0.034,0.034,0.043,20.4598,0.0359,19.2356,0.0102,17.3764,0.0032,16.5003,0.0056,16.0758,0.0037,,,,,,,,,,,,,,,,,3097.4224,4.9807,0.0435,1.166,0.694,1.1125,0.6133,0.4991,0.2718,MARCS,0.0
68162028637205888,true,true,true,165.6989387352583,-24.57608693642926,55.33071458119611,0.08029294,23.86146815087619,0.052413136,7.411967132291862,0.08500949,20.085951759718974,0.10494491,-43.36242692609376,0.06894423,0.08580848,0.078071296,-0.14335926,-0.4047894,0.12605028,-0.16333902,0.0884361,0.21575469,0.29889873,-0.15597099,16.882187,18.717651,15.594941,0.0011860297766437503,0.01796144884572232,0.0025824499904423073,,,0.9455469,0.0,31,3.1227102,1.2872458,13.691,13.043,12.781,0.022,0.027,0.026,19.1576,0.0069,17.8051,0.0072,16.1801,0.0027,15.3963,0.0024,15.0145,0.0023,,,,,,,,,,,,,,,,,3271.5789,4.893,0.078,1.2536,0.773,1.1996,0.6705,0.529,0.3617,MARCS,0.0
65297594689312768,true,true,true,165.9552730052011,-23.5075974888904,56.300399163319184,0.049772993,24.504891296734822,0.033823337,7.821509420582805,0.05496826,21.22062429230634,0.07109062,-47.34283131249642,0.044647057,0.31567216,0.17025994,-0.19511834,-0.2987342,0.03509904,-0.3874274,0.123912334,0.46220043,0.03322576,-0.18656339,15.664892,17.160046,14.456167,8.91622262797646E-4,0.016290423226084993,0.004220908887122811,-2.7681155,5.851743,1.0649242,0.08338205,31,2.7038784,1.208725,12.787,12.122,11.916,0.027,0.032,0.021,17.4999,0.0146,16.3416,0.0076,14.9583,0.0036,14.3408,0.0031,14.0368,0.0044,,,,,,,,,,,,,,,,,3369.4927,4.5291,-0.5351,0.8991,0.5785,0.8624,0.4904,0.3721,0.4649,MARCS,0.0
65150947325369600,true,true,true,165.8371509612336,-24.669729946676544,55.36604390474277,0.015965417,23.70813709776343,0.011247723,7.45004084678047,0.018220881,20.259840824477635,0.019559624,-45.71660093350053,0.013898344,0.09502023,0.14304614,0.32478517,-0.13038407,0.14444773,0.004709969,0.06273424,0.205273,0.33100823,0.13370486,10.972593,11.369089,10.408467,7.907274621287399E-4,0.002493316016182831,0.0017760628725578865,4.843984,0.42377788,0.9286118,0.07668452,31,0.96062183,0.564126,9.761,9.407,9.313,0.02,0.023,0.018,12.2488,0.0854,10.9756,0.0561,10.9984,0.0576,10.6463,0.0337,10.8895,0.001,,,,,,,,,,,,,,,,,5403.7275,4.4893,-0.0963,0.1186,0.0973,0.1227,0.0709,0.0518,0.8833,MARCS,0.0
63546038305742720,true,true,true,168.17088680842576,-26.117657876446618,56.01050989862372,0.08255613,21.22094570695962,0.060184386,6.93362204519199,0.09373433,19.849817119868604,0.10663762,-43.696947383979456,0.077081874,0.14999709,0.08990311,0.088469945,-0.03239638,-0.043511428,-0.275504,-0.026383378,0.3577579,0.037952133,-0.13711873,16.90566,18.72578,15.620247,0.001197154893929345,0.020714849881224434,0.0036753490301022827,,,1.041533,0.21322171,31,3.1055336,1.2854137,13.749,13.098,12.857,0.025,0.027,0.025,19.1323,0.0077,17.8384,0.0067,16.1857,0.0047,15.4195,0.003,15.0509,0.0046,,,,,,,,,,,,,,,,,3243.9138,4.8925,0.0998,1.0339,0.6365,0.9931,0.5522,0.4409,0.3589,MARCS,0.0
68581694185489920,true,true,true,164.67255828611547,-23.619104629217745,55.24698532160135,0.16336034,25.198561920518507,0.11246911,7.306643159453647,0.17849547,21.12464976090914,0.22231366,-45.97008590278055,0.13929631,-0.010669486,0.14165753,-0.37830946,-0.31149954,0.07065562,-0.2943866,-0.05547108,0.23590948,0.35168037,-0.08927159,17.913898,20.051432,16.57297,0.0022665475153513578,0.06979170610376667,0.007784296962063904,,,0.98057616,0.6033715,95,3.4784622,1.340929,14.574,13.974,13.66,0.034,0.04,0.037,20.4094,0.0127,19.044,0.011,17.18,0.0022,16.3107,0.0038,15.8515,0.0057,,,,,,,,,,,,,,,,,3037.2632,4.9776,0.1252,0.8358,0.492,0.8037,0.4368,0.367,0.2692,MARCS,0.0
65732447241199744,true,true,true,168.598624772939,-22.525066365926584,58.98356165238337,0.013892513,23.567063288875058,0.008182856,7.487212114131658,0.015005789,19.137855370932986,0.016803034,-46.08277784358752,0.011021481,0.16970259,0.05902552,0.28645182,-0.16366993,-0.051762767,-0.13164884,0.04562193,0.5269757,0.07017616,-0.17851461,12.259071,12.838505,11.5363655,0.0014680288783215224,0.005277122266485377,0.003654766356986916,6.2317953,0.92624646,1.0852377,0.05897495,31,1.3021393,0.72270584,10.651,10.119,10.009,0.024,0.027,0.02,13.102,,12.336,,12.01,,11.826,,11.722,,,,,,,,,,,,,,,,,,4751.688,4.5906,-0.073,0.3024,0.2351,0.303,0.1787,0.1242,0.7117,MARCS,0.0
65005846150835200,true,true,true,167.00838708333055,-23.80885381604943,56.86159637689897,0.060346983,23.633878170833444,0.050369572,7.203188984556041,0.072295666,19.562190919181592,0.07971796,-43.405458911462645,0.061979424,0.13805689,0.11397899,0.102552675,-0.09476202,0.08153017,-0.40297303,-0.006008733,0.22617686,0.18116623,-0.027734777,16.335794,18.170729,15.042625,9.486853708653134E-4,0.023924364611469167,0.0037195946909442694,,,1.2707179,0.3339461,31,3.1281033,1.293169,13.157,12.573,12.282,0.029,0.031,0.023,18.5387,0.0102,17.262,0.003,15.624,0.003,14.8473,0.0029,14.4714,0.003,,,,,,,,,,,,,,,,,3354.2886,4.7737,0.1395,1.4001,0.8701,1.3432,0.7513,0.5919,0.4516,MARCS,0.0
65945997312877952,true,true,true,169.27399665321684,-21.44150733038223,60.300412133195096,0.042291068,23.903463478351625,0.025057284,7.213120892669938,0.045523535,17.8848163349788,0.05002318,-44.83071742871962,0.030725459,0.030740038,0.020202003,0.3087732,-0.06271945,-0.004034178,-0.116276,0.03781963,0.57751286,0.098809116,-0.1813962,15.830249,17.609398,14.563474,6.471520463977488E-4,0.006881568157927668,0.0015633442868510906,24.280941,5.5627503,1.0432324,0.08542886,31,3.0459242,1.2667751,12.71,12.126,11.861,0.024,0.027,0.02,17.9854,0.009,16.7008,0.0032,15.1146,0.003,14.3943,0.0024,14.0278,0.0017,,,,,,,,,,,,,,,,,3342.093,4.5996,0.0449,1.2356,0.7719,1.1868,0.6646,0.5221,0.5681,MARCS,0.0
69898810332838400,true,true,true,164.9345354709739,-23.30063789994044,55.678567723369966,0.018884927,25.280897389489994,0.013222257,6.993866596372297,0.021282872,19.564432701860884,0.024863314,-43.22849922328383,0.017076094,0.21728313,0.075589314,0.100132376,-0.16331401,-0.07975225,-0.2737891,-0.06415548,0.28790465,0.15944484,-0.029349918,13.756668,14.635596,12.831278,7.845302746871949E-4,0.0036377011870942,0.0020963135063591857,6.6242313,2.633675,1.1171854,0.033837337,31,1.8043184,0.92539024,11.622,10.921,10.781,0.023,0.03,0.019,15.038,0.0034,13.8288,0.0037,13.222,,12.954,,12.78,0.0032,,,,,,,,,,,,,,,,,,,,,,,,,,,0.0
66779564565300224,true,true,true,166.42004551367594,-22.571059781044102,57.34143853206736,0.06651243,24.911869279534624,0.04467897,7.397308082411872,0.07127445,20.535736201611773,0.09690056,-45.84534167733388,0.060385752,0.05481306,0.10952156,0.08907095,-0.017275924,-0.034203604,-0.08353753,-0.07133824,0.66433364,-0.05735659,-0.17422752,16.700275,18.416279,15.442813,7.958161891690181E-4,0.024078202082830586,0.00233368357382276,,,1.0642352,0.13802601,31,2.973466,1.2574625,13.646,13.044,12.769,0.031,0.037,0.024,18.7823,0.0079,17.5274,0.004,15.9825,0.0044,15.2736,0.0037,14.9274,0.0041,,,,,,,,,,,,,,,,,3314.8176,4.8904,0.0054,1.138,0.7127,1.0876,0.6134,0.4744,0.3626,MARCS,0.0
65217605216685568,true,true,true,166.47470484461365,-23.823941343919284,56.45599236233461,0.15669045,23.95146803071827,0.11296088,7.716024514567284,0.18501528,20.44459642689754,0.19723909,-47.82145485344073,0.14245407,0.20783694,0.0366087,0.33181632,-0.052063208,-0.011430052,-0.26469287,0.029287193,0.3931017,0.2181483,-0.17742504,18.15369,19.917322,16.76173,0.0017454851016652788,0.12843289401444324,0.00882906301348599,,,1.0606526,0.6338154,95,3.155592,1.3919601,14.66,14.114,13.832,0.032,0.039,0.04,20.4591,0.0507,19.317,0.0136,17.4349,0.0066,16.5392,0.0037,16.0818,0.0051,,,,,,,,,,,,,,,,,3033.2808,4.9753,0.1383,0.9374,0.5498,0.9003,0.4891,0.4111,0.271,MARCS,0.0
69807963184755840,true,true,true,165.72328100519061,-23.331709712839423,56.25481939508828,0.061409242,24.777907828400753,0.041441593,7.4811645664167425,0.06247579,20.69991043384025,0.081224546,-46.87193783784339,0.05153441,-0.098687224,-0.042742323,-0.11398053,-0.005728869,-0.11549711,-0.03733336,-0.12865627,0.360516,-0.038493413,0.093714155,16.527004,18.252249,15.262377,9.657665038411328E-4,0.023261915365284352,0.002651728895173693,,,1.0551254,0.0994974,31,2.989872,1.2646275,13.422,12.863,12.582,0.031,0.033,0.027,18.6181,0.0067,17.3894,0.0074,15.8001,0.0044,15.0936,0.0028,14.7339,0.0019,,,,,,,,,,,,,,,,,3283.7012,4.8764,0.1044,0.9324,0.5798,0.8977,0.5001,0.3976,0.3769,MARCS,0.0
67376633739588352,true,true,true,165.99541956129906,-21.18987625054489,58.055037824314425,0.031740222,26.19580073198191,0.020205362,7.886466684738685,0.03711296,20.903516055779033,0.039936475,-48.4933467844087,0.029102657,0.18932207,0.25793648,-0.2564054,-0.2926932,0.25524676,-0.38042828,0.17413084,0.7523592,0.23427956,-0.47281727,14.856225,16.162073,13.723164,8.115892827508407E-4,0.003603910279398477,0.001985757397061735,,,0.9956856,0.0,31,2.4389095,1.1330614,12.221,11.562,11.324,0.023,0.03,0.018,16.5467,0.002,15.348,0.0026,14.203,0.003,13.6669,0.0025,13.4161,0.0038,,,,,,,,,,,,,,,,,3555.3147,4.6411,-0.3151,0.7452,0.4959,0.7163,0.413,0.3033,0.5341,MARCS,0.0
65702867804200448,true,true,true,168.1828656226957,-22.81192767669967,58.464741821631065,0.082186416,23.625599942354462,0.05222921,6.040484165570636,0.09228681,15.61717963284711,0.09982183,-37.1015351495836,0.07008899,0.17444451,0.10944281,0.120002784,-0.2487073,0.056066137,-0.2657735,0.11847665,0.54793835,0.081903875,-0.33870825,17.165022,18.959425,15.896071,0.0012379701456514973,0.03210001029722029,0.0033597342399922805,,,0.9722668,0.0,31,3.0633535,1.2689505,14.079,13.449,13.178,0.027,0.031,0.032,19.3115,0.0123,18.0298,0.0045,16.4646,0.0043,15.7185,0.0037,15.3608,0.0021,,,,,,,,,,,,,,,,,3276.9983,4.8918,0.0701,1.0329,0.6411,0.9914,0.5538,0.4375,0.3637,MARCS,0.0
70271854012150912,true,true,true,164.68320212959983,-21.78385821738668,56.59895767544121,0.06512443,26.57294021230501,0.049798995,7.5285681732913465,0.07461423,19.271354975378042,0.08721272,-46.89144701804662,0.061818425,0.19221443,0.1967714,0.09323941,-0.14276022,0.040315446,-0.30399773,0.04080042,0.34962153,-0.01713379,-0.17309771,16.846046,18.656174,15.556267,0.0017090271193070587,0.024978194011370865,0.003999763984160089,,,0.9961032,0.04534391,31,3.099907,1.2897797,13.705,13.133,12.844,0.026,0.03,0.026,19.0274,0.0114,17.7615,0.004,16.1247,0.0072,15.376,0.0033,15.009,0.0018,,,,,,,,,,,,,,,,,3271.0454,4.9039,0.0475,1.1472,0.7103,1.0979,0.6148,0.483,0.3533,MARCS,0.0
65588484235454592,true,true,true,168.6606291685027,-23.53246586175773,58.26896651993362,0.0134248035,22.801152586524747,0.00866621,7.293432572419531,0.01490857,19.036700125001953,0.017367879,-45.56094834136595,0.011600015,-0.017590951,-0.12459408,0.2582411,-0.081926614,-0.12054593,-0.36151868,-0.029795079,0.56066066,0.10806052,-0.38183552,13.100869,13.850247,12.250756,7.408332805815381E-4,0.003596798361333706,0.001945499284365501,6.2502184,0.9449591,1.0444378,0.0,31,1.5994911,0.8501129,11.177,10.538,10.376,0.022,0.022,0.017,14.1519,0.001,13.378,,12.873,,12.548,,12.2863,0.006,,,,,,,,,,,,,,,,,4306.0586,4.5869,-0.0739,0.4316,0.3199,0.4213,0.2517,0.1696,0.6825,MARCS,0.0
65012408860856832,true,true,true,167.0140008477143,-23.71345767636466,56.93613786706123,0.06492374,23.700704540102134,0.049483165,7.252925571892042,0.07700363,20.328177414703305,0.081023626,-45.216292132663604,0.060450424,0.08002923,0.094988726,0.3368238,0.06135811,0.09273645,-0.2388262,0.02240078,0.34177825,0.28181782,-0.07812568,16.648165,18.418951,15.380183,0.001215734629037248,0.023034619522343074,0.004992530933009762,,,0.9428905,0.0,31,3.0387678,1.2679815,13.526,12.948,12.692,0.026,0.03,0.023,18.8276,0.0087,17.5157,0.0048,15.9352,0.0013,15.1926,0.0012,14.8399,0.0033,,,,,,,,,,,,,,,,,3276.4514,4.8762,0.1165,0.9713,0.6021,0.935,0.5202,0.4148,0.3764,MARCS,0.0
65419434321982464,true,true,true,169.33283151072285,-22.677116783540914,59.39702269491067,0.040903963,22.985421583355603,0.02257594,7.430986194789563,0.042873062,18.61231286206045,0.05009405,-45.5792368331218,0.028970653,0.05967278,0.13913922,-0.121657774,-0.4037587,0.099352,-0.19264537,0.03209007,0.59316087,0.23771772,-0.29008675,15.45358,16.929869,14.259051,0.0012766847503966937,0.006993482171194247,0.003511720177882523,,,1.0802506,0.06786744,31,2.6708174,1.1945286,12.598,11.917,11.653,0.026,0.025,0.022,17.3323,0.0218,16.0425,0.0056,14.7377,0.0031,14.1467,0.0037,13.8514,0.0029,,,,,,,,,,,,,,,,,3452.7761,4.5423,-0.471,1.0509,0.6832,1.006,0.5764,0.4296,0.5233,MARCS,0.0
70461554129560448,true,true,true,165.00121330868444,-21.506582087178362,57.051972156311926,0.017633716,26.58360374254647,0.011475177,7.582671190496229,0.01881058,20.9839848688399,0.028171523,-46.5651161931697,0.015705133,0.23007175,0.12689117,0.012631846,-0.13420638,0.17768483,-0.18680681,0.27174205,0.65577704,-0.1514596,-0.20726494,13.178868,13.949187,12.313316,0.0011240431536828507,0.004431558882232362,0.00376158224674603,7.7902875,5.9661503,1.029075,0.0,31,1.6358709,0.86555195,11.148,10.489,10.36,0.018,0.019,0.019,14.1915,0.0067,13.024,,12.64,,12.42,,12.2987,0.0028,,,,,,,,,,,,,,,,,4315.9487,4.6578,-0.0282,0.343,0.2525,0.3341,0.1993,0.1348,0.636,PHOENIX,0.0
65216363971331072,true,true,true,166.443485709766,-23.851581750436356,56.41253094148423,0.08602315,23.950117908380683,0.067425646,7.626957463557727,0.09724306,19.581562775963143,0.10634163,-46.711820349595975,0.07927585,0.19939305,0.04818145,0.24148087,-0.20853993,0.045614142,-0.31898382,0.04454244,0.16235913,0.13542491,-0.061430268,17.420778,19.251213,16.08192,0.0014875461511986421,0.0612827865960248,0.00692288711517243,,,0.98140705,0.0,31,3.1692924,1.3388577,14.162,13.563,13.313,0.035,0.033,0.038,19.7445,0.0172,18.4125,0.0155,16.6898,0.0018,15.869,0.0031,15.4705,0.0034,,,,,,,,,,,,,,,,,3165.7324,4.9523,0.0524,1.1084,0.6712,1.0598,0.5878,0.4721,0.3043,MARCS,0.0
65215058301202816,true,true,true,166.51694633390395,-23.880932869613194,56.4454986711973,0.14813739,23.883287579238786,0.10132643,7.4592316407997465,0.16592665,20.74256010277341,0.1708353,-46.273210967016354,0.12438994,0.2650732,-0.07627411,0.40865296,-0.24658401,-0.032329757,-0.3803333,0.12891538,0.3184238,-0.051898647,-0.1914538,18.009977,19.721964,16.660027,0.0023217867902277276,0.08948594599937867,0.008142827785739402,,,0.9373706,0.6140738,95,3.0619373,1.3499508,14.558,13.925,13.621,0.031,0.034,0.033,20.5553,0.029,19.2153,0.0175,17.3089,0.0049,16.4223,0.0039,15.9757,0.0059,,,,,,,,,,,,,,,,,,,,,,,,,,,0.0
68117635855255168,true,true,true,165.72435853686102,-25.18478015830078,54.911295650757275,0.06260943,23.38883701888097,0.0494571,7.377559616270141,0.068468235,20.477999618780313,0.090881415,-44.508144396680514,0.06644633,0.12109565,0.15720373,-0.06425059,-0.040107325,-0.15162691,-0.214178,-0.13336952,0.08165691,-0.114146024,0.005931622,16.598715,18.337,15.340514,0.001097873062284863,0.024948512580636968,0.002331884247958388,,,1.0489192,0.17842588,31,2.9964857,1.2582006,13.559,12.977,12.655,0.031,0.038,0.032,18.666,0.0236,17.4088,0.0046,15.8906,0.0024,15.1706,0.002,14.812,0.0047,,,,,,,,,,,,,,,,,3316.3267,4.8822,0.0396,1.0783,0.6751,1.0333,0.5808,0.4525,0.3733,MARCS,0.0
65096899456994304,true,true,true,165.99969984080332,-25.27088828702246,55.053173093257094,0.04438299,23.159776615728504,0.031090613,6.944196831805783,0.04559214,19.53011982032914,0.06219029,-42.00960297662542,0.04339856,-0.26086792,-0.12391897,-0.11678649,0.1910866,-0.25215033,0.044394664,-0.2519379,0.29530388,-0.19854675,0.2488016,15.868685,17.412394,14.653085,9.039358880285769E-4,0.008807988974963007,0.002917078456686489,,,0.97264725,0.0,31,2.7593088,1.2156,12.926,12.286,12.085,0.021,0.021,0.023,17.8611,0.0046,16.5836,0.0022,15.1901,0.002,14.5298,0.0039,14.2321,0.008,,,,,,,,,,,,,,,,,3445.7358,4.7823,0.0583,0.9588,0.6157,0.9224,0.5223,0.4001,0.4604,MARCS,0.0
63391178965446656,true,true,true,168.18426009823258,-26.663817255957927,55.62382697122327,0.0711211,20.810895062445955,0.058752302,7.478133274099747,0.08032191,19.635252923015344,0.0961645,-46.74624082918962,0.072673716,0.077475555,0.13695621,0.0054011266,-0.16822764,0.12535168,-0.3196904,0.063624844,0.16730073,0.10124139,-0.03196054,16.40713,18.15886,15.141909,9.845078344759436E-4,0.00868707525994149,0.0016944645038736042,,,1.055023,0.49444944,95,3.0169506,1.2652206,13.336,12.686,12.426,0.023,0.024,0.026,18.579,0.0095,17.2667,0.0084,15.696,0.0031,14.968,0.0035,14.5994,0.0026,,,,,,,,,,,,,,,,,3283.5713,4.7468,-0.1326,1.127,0.7025,1.0787,0.6059,0.4727,0.4066,MARCS,0.0
70129913933603328,true,true,true,164.70450002744818,-22.716149030318427,55.92880322489148,0.097523876,25.86012708831353,0.07140593,7.902432717958097,0.10862779,22.29745847961557,0.13587661,-48.86914784636478,0.091875255,0.2263839,0.21454637,0.100965254,-0.15763034,0.045350395,-0.19767416,0.03671799,0.35481492,0.059613205,-0.075346105,17.34499,19.311802,16.045652,0.0012858536394602237,0.03364322313856579,0.005112744676706074,,,1.0229851,0.24115036,31,3.2661495,1.2993374,14.136,13.536,13.217,0.032,0.037,0.027,19.6088,0.0264,18.337,0.0073,16.6078,0.0029,15.833,0.0024,15.4452,0.0022,,,,,,,,,,,,,,,,,3179.026,4.9707,-0.0398,1.0863,0.6618,1.0367,0.578,0.4586,0.2855,MARCS,0.0
63849572235829248,true,true,true,168.8739521235399,-24.29765337211988,57.849549024507716,0.013994742,22.11318468183651,0.007832115,7.293487191777333,0.0153987305,18.72094455267673,0.019641692,-44.616996176998065,0.011238499,-0.08452691,0.09042133,-0.19115295,-0.36880082,0.11019265,-0.26328796,-0.041494925,0.6380379,0.3359158,-0.41711208,12.724305,13.393359,11.939822,0.0013957610671793015,0.005240032015389447,0.0032067067672287048,5.5823483,2.2234976,0.9994613,0.049178064,31,1.453537,0.78448296,10.944,10.336,10.196,0.023,0.027,0.019,13.6069,0.0041,13.2981,0.1518,12.8656,0.0033,12.3821,0.001,12.0152,0.0,,,,,,,,,,,,,,,,,4628.7676,4.5781,-0.3513,0.5526,0.4228,0.5497,0.3249,0.2248,0.6875,PHOENIX,0.0
64871740091177600,true,true,true,167.01951357579424,-24.591240824685087,56.2951245214628,0.051738527,23.049309323098104,0.035244476,7.3307637033988735,0.060016222,19.70437457927786,0.06740147,-45.59557687910834,0.043497443,0.1869892,0.085409984,0.14947033,-0.2035158,-0.059194498,-0.26159227,-0.13486344,0.1306999,0.3432023,0.06501884,16.29566,18.021383,15.042358,0.0029997992247259627,0.01778401908961949,0.007617791739256099,,,1.0224223,0.09412253,31,2.979025,1.2533016,13.236,12.633,12.35,0.022,0.024,0.02,18.3891,0.0104,17.0837,0.0061,15.562,0.0046,14.8636,0.0042,14.5067,0.0041,,,,,,,,,,,,,,,,,3363.0894,4.8309,0.0666,1.1839,0.7444,1.1352,0.6389,0.4963,0.4163,MARCS,0.0
63773774653147904,true,true,true,169.44697517501882,-24.384826918723526,58.19032854954304,0.045579873,21.688685952062063,0.029105607,7.149206756696743,0.051077396,17.87536259125583,0.059168167,-44.37111557160527,0.038665667,0.19826508,0.20682675,0.3223513,-0.08433245,0.12003084,0.047508825,0.2144989,0.65041906,0.18080251,-0.16124342,15.726802,17.271751,14.511881,0.0011419803578643455,0.007730503946820963,0.0026424868172410807,,,1.1235491,0.16015907,31,2.7598705,1.214921,12.852,12.198,11.957,0.024,0.022,0.02,17.6589,0.0061,16.3895,0.0042,15.0141,0.0039,14.3808,0.0016,14.0812,0.003,,,,,,,,,,,,,,,,,3428.3787,4.6596,-0.2078,1.0664,0.6857,1.0222,0.5817,0.4405,0.5003,MARCS,0.0
68390417818463872,true,true,true,165.0554529347819,-23.514592714962124,55.61508149875522,0.014252026,25.046828247599056,0.009172484,7.132319559813701,0.015758917,19.37116282424195,0.020264031,-43.26684972856321,0.011951237,0.17601049,0.18196517,-0.04067651,-0.3282946,-0.059145406,-0.08116635,-0.107253954,0.21725912,0.32948187,0.19163764,12.376555,12.961727,11.653043,0.002054336938636581,0.007406156586001202,0.005086333274621615,6.5824285,0.85341036,1.0151106,0.038958006,31,1.3086843,0.72351265,10.736,10.2,10.065,0.022,0.027,0.022,13.126,,12.364,,12.062,,11.902,,11.8,,,,,,,,,,,,,,,,,,4677.196,4.5783,-0.0139,0.2634,0.2036,0.2628,0.1555,0.1072,0.7284,MARCS,0.0
67304959325424768,true,true,true,166.45130744032357,-21.35088242775809,58.28042846026789,0.10490907,25.78915388449124,0.062476348,7.4420275178851645,0.11077429,20.009029858336266,0.14352198,-46.614910917999694,0.081524625,-0.018747874,0.10862554,0.020388642,-0.109317176,0.08006326,-0.010991179,0.007858138,0.5741833,0.1989928,-0.08046904,17.576826,19.634825,16.255455,0.001090040981107498,0.04557174815964077,0.003371481478349738,,,1.048844,0.2950716,31,3.3793697,1.3213711,14.248,13.737,13.303,0.031,0.046,0.042,19.9992,0.0244,18.6495,0.009,16.8542,0.004,16.0234,0.0029,15.6158,0.0054,,,,,,,,,,,,,,,,,3165.2964,4.9509,0.0572,1.3244,0.7981,1.2626,0.7009,0.5616,0.3054,MARCS,0.0
65029550073165184,true,true,true,166.74223440637778,-25.081039649896656,55.73566057860892,0.1367496,22.854833974276563,0.10813707,7.423268314851199,0.14914918,19.86916964413539,0.19515191,-43.85270261842145,0.14677067,0.018240921,0.09098214,-0.022723103,0.038848806,-0.045257322,-0.16461284,-0.04729497,0.20613885,-0.0064792,0.16477263,18.108326,20.180763,16.760004,0.001934754240835242,0.07710585445912363,0.007849610795543744,,,0.9572704,0.52406317,95,3.4207592,1.3483219,14.748,14.113,13.779,0.031,0.037,0.042,20.5795,0.0358,19.2264,0.0091,17.3871,0.0048,16.5248,0.0037,16.0884,0.0054,,,,,,,,,,,,,,,,,3110.2153,4.9975,-0.0283,1.3275,0.7916,1.2613,0.6995,0.562,0.2584,MARCS,0.0
68303728198686080,true,true,true,165.7312293217729,-23.579279034541543,56.079500230471574,0.052813567,24.5882578307589,0.03929208,7.293191575999419,0.05885268,19.376287909920762,0.07326407,-45.97903948741636,0.050253753,0.012454594,0.16212787,-0.0648276,-0.25390187,0.016811766,-0.26662946,-0.10231346,0.10581284,0.2689177,0.030899985,16.39733,18.074743,15.148664,0.001204149086340295,0.017837001943291034,0.002720828183333648,,,1.028139,0.10306881,31,2.9260788,1.2486649,13.36,12.657,12.443,0.026,0.027,0.024,18.5032,0.0187,17.221,0.0098,15.6663,0.0047,14.9769,0.0075,14.6354,0.0036,,,,,,,,,,,,,,,,,3313.1912,4.7572,-0.1935,1.0889,0.6846,1.0423,0.5878,0.4545,0.3984,MARCS,0.0
66940299422471296,true,true,true,166.008749221156,-22.46731897404329,57.108594247341806,0.023427432,25.244490489581228,0.015464485,7.51025816775081,0.024871431,19.747984466432346,0.030093858,-48.32004863058663,0.01948922,0.06502592,0.12885451,-0.13956407,-0.14677674,0.10100522,-0.23020312,0.046939388,0.5318738,0.08288267,-0.16131696,14.485869,15.638486,13.414243,0.0011349702121015866,0.005142302109169025,0.00313018369171955,11.876486,6.3465223,1.0950806,0.014700842,31,2.2242432,1.0716267,11.963,11.333,11.089,0.021,0.019,0.017,16.0772,0.0061,14.8276,0.0066,13.8465,0.0112,13.4102,0.0027,13.205,0.0044,,,,,,,,,,,,,,,,,3806.517,4.7037,0.0854,0.7789,0.5338,0.7493,0.4383,0.311,0.5627,MARCS,0.0
65119164567417856,true,true,true,165.93050570477666,-24.981575266339526,55.21027734303729,0.016307645,23.418239557613678,0.010870159,7.563300505452855,0.017408878,21.697122292421838,0.019891141,-45.497866176963164,0.012943894,0.028742483,-0.017018164,0.2656055,-0.21961294,-0.012689017,-0.18030849,-0.056346137,0.15736708,0.19070372,0.021636743,10.658403,11.022289,10.129077,7.364870199701115E-4,0.002371448567607116,0.0019566621923751376,5.858396,0.4966556,1.0724381,0.076868095,31,0.8932123,0.52932644,9.531,9.192,9.123,0.021,0.023,0.018,11.2275,0.001,11.2085,0.0426,11.7106,0.001,12.6705,0.0397,11.0241,0.001,,,,,,,,,,,,,,,,,5725.8022,4.4829,-0.0853,0.1982,0.1653,0.2074,0.1189,0.0885,0.9114,MARCS,0.0
65807218329068544,true,true,true,168.22881490228355,-22.2887379329049,58.89344311764004,0.083195835,23.974417285254003,0.05721112,7.097516531348718,0.09032628,18.506625483909637,0.10984935,-43.286668333746405,0.07400398,0.20979552,0.24475643,0.06662213,-0.057360534,0.20404316,-0.20151353,0.18584979,0.6581115,0.05953478,-0.2214023,17.257784,19.148548,15.968283,0.0010957071559168977,0.02691271101512759,0.0029451857493856255,,,0.998377,0.0,31,3.1802654,1.2895012,14.135,13.498,13.263,0.028,0.026,0.036,19.472,0.0124,18.1957,0.0043,16.532,0.0024,15.7671,0.0041,15.3923,0.0021,,,,,,,,,,,,,,,,,3223.2366,4.9324,0.0309,1.1174,0.6858,1.0682,0.5964,0.4717,0.3257,MARCS,0.0
68433814167849728,true,true,true,164.73226299831882,-24.709132422216292,54.50858925830159,0.056913428,24.33739433338546,0.038071074,7.208137384695206,0.06095661,20.70236533378469,0.07781155,-43.68569078322568,0.04913419,0.14022875,0.1513954,-0.10320629,-0.4602471,0.029206797,-0.18786545,-0.04851817,-0.0055664014,0.39850864,0.04738328,16.179638,17.808455,14.9333105,0.0019470980895956445,0.03166043770543166,0.006415131851204595,,,1.0556787,0.12883632,31,2.875144,1.2463274,13.109,12.529,12.261,0.022,0.024,0.021,18.2064,0.0081,16.9212,0.0067,15.4806,0.0039,14.736,0.0047,14.4188,0.003,,,,,,,,,,,,,,,,,3365.7288,4.8153,0.0677,1.0847,0.6839,1.0419,0.586,0.4559,0.4261,MARCS,0.0
63690898963950592,true,true,true,169.14352240669382,-25.215146068661134,57.35900221550865,0.01613138,21.280133969216614,0.011176152,8.963505505345724,0.017857922,23.68377259773636,0.020977277,-54.6664295372852,0.014185632,0.08876118,0.111728124,0.15115996,-0.10777995,0.0355225,-0.16605785,0.013129325,0.54412353,0.19041389,-0.14691745,13.47118,14.426718,12.499706,0.001744659537052886,0.007913747625672972,0.004332864696750715,8.096965,3.9034023,1.01852,0.0,31,1.9270115,0.9714737,11.205,10.601,10.359,0.021,0.022,0.017,14.8382,0.0021,13.6978,0.0088,13.119,,12.68,,12.4102,0.008,,,,,,,,,,,,,,,,,4615.2886,4.6673,-0.4716,1.8215,1.3394,1.7787,1.0568,0.7219,0.6052,MARCS,0.0
64297485783636352,true,true,true,167.03519904603874,-26.333988929883112,55.043801669227854,0.05498105,21.745856487656866,0.040475175,8.251142471611866,0.059322342,22.473508562999726,0.07079907,-50.14726708887869,0.052037787,0.09310266,0.0355821,0.09942801,-0.10904586,0.13993675,-0.18476419,0.12363931,0.30841428,0.16905773,-0.034986127,16.44002,18.190708,15.171753,0.0011397678112812244,0.015914144774975058,0.004116846694280087,,,1.0437133,0.15122609,31,3.0189552,1.2682667,13.347,12.711,12.484,0.022,0.026,0.023,18.4926,0.012,17.2754,0.0091,15.7281,0.0059,14.9854,0.0035,14.6263,0.0043,,,,,,,,,,,,,,,,,3278.1067,4.8937,0.0623,0.994,0.618,0.9543,0.5334,0.4208,0.3619,MARCS,0.0
63677326867342464,true,true,true,169.52187391402802,-24.57285298326554,58.10251694951161,0.030132184,21.506109143477744,0.017555214,7.419674106187213,0.03233742,19.852902320182725,0.035327725,-44.94200921290559,0.022733541,0.19550714,0.17669193,0.3387161,-0.18500479,0.052998334,0.09178208,0.13771504,0.5747358,0.114570335,-0.09409342,15.199719,16.626724,14.028138,8.312603885040292E-4,0.006779922037361724,0.0018252417347989546,,,1.0695143,0.048570585,31,2.598586,1.1715813,12.414,11.714,11.483,0.022,0.022,0.02,17.0673,0.006,15.7894,0.0034,14.5357,0.0032,13.9602,0.0052,13.6679,0.0065,,,,,,,,,,,,,,,,,3453.7659,4.4219,-0.6228,0.9259,0.606,0.8874,0.5093,0.3781,0.5568,MARCS,0.0
69877163697813248,true,true,true,165.29922815166765,-23.309587803297855,55.94994861466845,0.019961176,25.05300565392932,0.013606038,7.4822151427087125,0.019924905,20.977326174300586,0.02610037,-46.051783609112135,0.018499218,0.05497433,-0.049211666,-0.06645115,-0.22688176,0.014114967,-0.1098981,0.047999997,0.17315999,0.04055385,-0.048153155,13.9155445,14.873429,12.946084,0.0014033221550272415,0.005362533503065171,0.003569466192613297,8.142895,2.8614335,1.1381932,0.0545332,31,1.9273453,0.9694605,11.695,10.981,10.832,0.024,0.03,0.018,15.2675,0.0037,14.0854,0.0112,13.376,,13.0593,0.0039,12.8589,0.0014,,,,,,,,,,,,,,,,,4044.39,4.6803,0.0216,0.7103,0.5052,0.6842,0.4073,0.2769,0.5992,MARCS,0.0
66740497542906368,true,true,true,166.45773002238548,-23.225749511149417,56.883975666463144,0.0921833,24.40493750874421,0.065953895,7.580216981202935,0.10743892,19.454855978660017,0.13374068,-46.58009288982839,0.08719092,0.29381058,0.25900233,-0.2860055,0.13328417,0.12863065,-0.320034,0.17297679,0.52555263,-0.28950426,-0.23962021,17.043259,18.779428,15.767084,0.0011080036165325277,0.03493907581215778,0.003819601466934765,,,1.060084,0.18604785,31,3.0123444,1.2761745,13.958,13.334,13.047,0.038,0.042,0.036,19.1834,0.0138,17.9487,0.0043,16.3198,0.0057,15.5768,0.0024,15.2083,0.0025,,,,,,,,,,,,,,,,,3261.961,4.9439,-0.0708,1.122,0.6964,1.0708,0.6023,0.4686,0.3161,MARCS,0.0
65011476851589632,true,true,true,166.85118658071934,-23.770221486348188,56.77419713239273,0.16358234,23.759491175687398,0.12987435,7.356181567875133,0.19532156,18.99170651645838,0.2094001,-44.52505445070616,0.1563945,0.24170534,0.08195284,0.25619224,-0.08020235,-0.008675956,-0.29335737,-0.0011581099,0.27741566,0.2483274,-0.14007081,18.451954,20.400572,17.060495,0.0019472224853147651,0.10961005648298645,0.011943616493055175,,,0.97876674,0.0,31,3.3400764,1.3914585,14.947,14.452,14.151,0.039,0.06,0.061,21.1984,0.0507,19.7815,0.0187,17.7622,0.0074,16.7973,0.005,16.3161,0.0042,,,,,,,,,,,,,,,,,2937.2412,5.0243,0.0887,0.7238,0.4158,0.6957,0.3737,0.3217,0.226,MARCS,0.0
68268165869533568,true,true,true,165.73606491087125,-24.055625244290763,55.73575580016508,0.07622365,24.22917036681453,0.057112593,7.53592059810258,0.088769585,19.901504654785434,0.090990655,-46.99139134250538,0.069249965,0.1451771,0.08259569,0.30395803,-0.1447598,0.08519783,-0.27745277,0.015319678,0.13492908,0.1913807,0.005878333,17.094841,18.978615,15.800221,0.0011943193201327674,0.026870842540649368,0.004089322953789254,,,1.0597413,0.21461394,31,3.1783934,1.2946196,13.845,13.263,12.979,0.028,0.037,0.026,19.3078,0.0228,18.0798,0.0044,16.3784,0.0016,15.5934,0.0046,15.2016,0.0036,,,,,,,,,,,,,,,,,3213.662,4.9228,0.0777,1.082,0.6619,1.037,0.5764,0.4605,0.3342,MARCS,0.0
66807464672814336,true,true,true,166.02579044358544,-23.206261084699584,56.57483292830163,0.037368547,24.68579851334693,0.026087143,7.373324442202136,0.040124435,20.782566863578815,0.048379093,-44.5278180928463,0.035523467,0.073670775,0.11619065,-0.0666388,-0.20587288,0.09580183,-0.15882629,0.06205941,0.19674203,0.08404128,-0.05703869,15.306499,16.692606,14.148092,7.145707837323678E-4,0.00874861595718789,0.0015499577737230603,-30.122961,9.287708,1.110405,0.11754614,31,2.5445137,1.1584063,12.559,11.939,11.691,0.026,0.03,0.023,17.0721,0.0045,15.8527,0.0011,14.6222,0.0035,14.0683,0.0025,13.7944,0.0034,,,,,,,,,,,,,,,,,3553.7244,4.7569,0.0345,0.8361,0.5502,0.8044,0.4609,0.3435,0.4921,MARCS,0.0
65699569269925888,true,true,true,168.24798126739992,-22.81289835229276,58.51141173896991,0.10100459,23.583472053671844,0.062913135,7.410325385253006,0.10991494,18.720162968475606,0.1252786,-46.105024423670734,0.085103884,0.18847159,0.10954195,0.16259125,-0.20728564,0.071771905,-0.16192499,0.14750089,0.5731165,0.11510767,-0.2537328,17.145609,19.03689,15.835271,0.0011115270442139257,0.024661735086196755,0.004048098560183698,,,1.0951525,0.5165499,95,3.2016191,1.310338,13.902,13.246,12.982,0.027,0.029,0.028,19.4058,0.0067,18.152,0.0068,16.4363,0.0048,15.6309,0.0057,15.2376,0.0038,,,,,,,,,,,,,,,,,3208.3826,4.9082,0.1289,1.1551,0.703,1.1081,0.6136,0.4945,0.3466,MARCS,0.0
70088819686490496,true,true,true,164.74363594387816,-23.32558055416911,55.514307769936835,0.07402563,25.377406685532065,0.056892272,7.205722816295625,0.082705356,20.091908702629333,0.10274602,-43.879916969071864,0.073885225,0.12339987,0.1697316,0.05398209,0.028328031,0.0076188897,-0.15166487,-0.025458556,0.3110528,0.013388551,0.14769644,16.582438,18.440619,15.2720375,0.0016466811190733865,0.022505619876424274,0.0062343418440111075,,,1.4618703,0.4095894,31,3.168581,1.3104,13.346,12.729,12.444,0.024,0.03,0.028,18.8514,0.0121,17.5592,0.0044,15.8571,0.0036,15.0633,0.0027,14.683,0.0054,,,,,,,,,,,,,,,,,,,,,,,,,,,0.0
63775355201110016,true,true,true,169.44182078466207,-24.36306848815783,58.20296923378865,0.020017559,21.7075943267629,0.012566714,7.863438944484613,0.023044933,20.39381201422279,0.02540218,-48.20603320428624,0.017026681,0.20302898,0.15768953,0.3921408,0.004810528,0.079778574,-0.028755732,0.22888376,0.69381255,0.24951786,-0.20733471,13.937496,14.963255,12.927443,6.674944158227726E-4,0.0028213741018124194,0.0014971934375487997,-4.124922,6.5125217,1.0761502,0.0,31,2.0358124,1.0100536,11.565,10.867,10.656,0.022,0.02,0.017,15.4059,0.004,14.1805,0.008,13.376,,12.9882,0.0072,12.7971,0.0043,,,,,,,,,,,,,,,,,3766.374,4.5541,-0.5132,0.4736,0.3298,0.4562,0.2685,0.1877,0.6309,MARCS,0.0
65014985841292032,true,true,true,167.03619054813174,-23.551243645038404,57.07240387537332,0.069661394,23.806397361704857,0.05027253,7.160999926269235,0.08132009,19.836314489992358,0.08828972,-43.429277219843186,0.06338292,0.19733949,0.11792007,0.29675487,-0.048760314,0.015939066,-0.25870028,0.023024734,0.42102325,0.11216736,-0.116865784,16.735138,18.473598,15.478024,0.0012709260075901717,0.027078183981746627,0.003798285611054979,,,1.0162568,0.11087,31,2.995575,1.2571144,13.676,13.082,12.783,0.02,0.03,0.026,18.8456,0.011,17.5726,0.0031,16.0192,0.0076,15.2824,0.0018,14.9469,0.0027,,,,,,,,,,,,,,,,,,,,,,,,,,,0.0
57036757670988288,true,true,true,169.66547717866945,-27.493225766316915,56.04969256571299,0.019849202,19.30517336284503,0.016451757,6.83443986026159,0.022454275,18.967690976569575,0.026095087,-41.40405294442525,0.0203781,0.20965089,0.20071003,0.12714407,-0.216446,-0.033924945,-0.2825698,-0.024851315,0.08055983,-0.0024833076,-0.1353579,14.319201,15.376484,13.299592,0.0013364212669621622,0.005305122609920804,0.0035796403799550573,25.71689,5.9729095,1.1004654,0.055868268,31,2.076892,1.0196095,11.954,11.253,11.048,0.022,0.017,0.016,15.8199,0.002,14.5931,0.0249,13.7533,0.0178,13.3511,0.0039,13.1332,0.0035,,,,,,,,,,,,,,,,,4065.6426,4.6763,0.1372,1.0878,0.765,1.0438,0.6209,0.4229,0.6139,MARCS,0.0
68363411064150272,true,true,true,165.31198988143714,-23.81710446911546,55.58985581891144,0.016694127,24.664471459088475,0.011883045,7.367549758589729,0.01871885,20.382744156700035,0.022074126,-45.1690359507745,0.015126495,0.008785415,-0.08076186,0.14400145,-0.2257872,0.061780512,-0.3574612,0.014605263,0.1805948,0.23520483,-0.13604371,13.830462,14.770897,12.864971,0.0017409831799167976,0.007127816064852193,0.004213536352970355,7.1464753,3.2438812,1.1203123,0.0,31,1.9059258,0.9654913,11.586,10.923,10.711,0.022,0.028,0.023,15.2377,0.0047,14.0285,9.0E-4,13.321,,12.987,,12.8016,0.0066,,,,,,,,,,,,,,,,,3757.4028,4.5265,-0.5033,0.2901,0.2048,0.2783,0.1657,0.1126,0.6562,PHOENIX,0.0
65189739470654464,true,true,true,166.47163260559552,-24.073341955148646,56.27089546399231,0.07741652,23.768291787187913,0.060205795,7.502788343313917,0.08588642,20.57710525757045,0.098461375,-46.42513221012004,0.074474424,0.22360139,0.12798558,0.16292192,-0.070245296,0.05671267,-0.23232937,0.0510623,0.27580172,0.081239015,0.026207987,17.109238,19.158346,15.764849,0.0013012056363932401,0.032326552004020195,0.004124300175416275,,,1.0821106,0.29657048,31,3.3934975,1.344389,13.755,13.175,12.839,0.025,0.031,0.024,19.551,0.0178,18.2363,0.0057,16.3853,0.0034,15.5396,0.0035,15.0958,0.0037,,,,,,,,,,,,,,,,,3213.1028,4.8823,0.196,1.4653,0.8839,1.4033,0.7752,0.6281,0.3672,MARCS,0.0
64822017259193600,true,true,true,167.16008207032795,-24.98960786327638,56.10669430950938,0.16682917,22.668738732908064,0.12903368,7.292826529552445,0.17901112,19.38724661169848,0.21283893,-43.841254843624036,0.16042963,0.17866932,0.14613162,0.08191408,-0.08820951,-0.016328037,-0.09197463,-0.033434946,0.22986993,0.04449833,0.06580484,18.554502,20.721899,17.161203,0.0024758204094283537,0.16650120526363835,0.010776680032408998,,,1.0070118,0.58456415,95,3.5606956,1.3932991,15.009,14.455,14.05,0.04,0.05,0.044,21.307,0.0176,19.8639,0.012,17.8346,0.0046,16.8907,0.0073,16.3817,0.0086,,,,,,,,,,,,,,,,,2960.0134,5.0189,0.0806,0.897,0.5171,0.8592,0.4642,0.3952,0.2308,MARCS,0.0
68268303308484224,true,true,true,165.73721090059712,-24.029898292993426,55.75532685027968,0.094444446,24.24773108224273,0.07150456,7.468803484431587,0.10686129,19.281719350539277,0.11238578,-45.75332459094989,0.08737816,0.07492391,0.05831885,0.2791327,-0.16426775,0.16016337,-0.24980944,0.10987498,0.16538844,0.158512,-0.046818417,17.534178,19.494085,16.20471,0.001435355877180261,0.039938443586951436,0.006455488679376114,,,1.0231262,0.21996094,31,3.2893753,1.3294678,14.25,13.59,13.256,0.032,0.03,0.035,19.9562,0.0257,18.5857,0.0086,16.8059,0.0055,15.9734,0.0035,15.5662,0.0071,,,,,,,,,,,,,,,,,3164.3843,4.9521,0.055,1.2513,0.755,1.194,0.6626,0.5314,0.3042,MARCS,0.0
67373094686549632,true,true,true,166.03384371145737,-21.228071203551327,58.05557458367478,0.04532471,26.143438461375514,0.028049001,7.360596113610154,0.05323919,18.750344103076316,0.059870217,-46.15502930421356,0.040315267,0.15059932,0.25010002,-0.2530166,-0.18721703,0.20537394,-0.3591617,0.09477701,0.737754,0.13632096,-0.46501216,15.564647,17.046179,14.37185,9.77772771834736E-4,0.007968860058068775,0.002229010604264013,16.755857,5.842855,1.041076,0.053345565,31,2.6743288,1.1927967,12.728,12.102,11.831,0.023,0.031,0.019,17.4581,0.006,16.1804,0.0031,14.8582,0.0015,14.2738,0.0021,13.9676,0.0051,,,,,,,,,,,,,,,,,3425.8633,4.5831,-0.4159,0.913,0.5916,0.8761,0.4997,0.3764,0.4952,MARCS,0.0
64117784354039040,true,true,true,168.27008081779448,-24.045391889779946,57.60500935965606,0.10943481,22.675354364650342,0.06433363,6.984690129678826,0.11501942,17.90612818737192,0.15184048,-43.82475875731628,0.0852402,0.02488741,0.21818134,-0.095189326,-0.28130206,0.18793409,-0.004368643,0.045308523,0.65198004,0.15033337,-0.20773336,17.399178,19.292608,16.087564,0.0014368903111108297,0.06351304453834337,0.005743073762871148,,,1.002433,0.2313564,31,3.2050438,1.3116131,14.171,13.536,13.237,0.024,0.034,0.034,19.6982,0.0085,18.4024,0.0045,16.6701,0.0025,15.8654,0.0031,15.469,0.006,,,,,,,,,,,,,,,,,3139.328,4.9377,0.1309,0.8831,0.5324,0.8497,0.4667,0.383,0.3147,MARCS,0.0
67832346947351424,true,true,true,164.75910391008264,-25.38717473792321,54.046206014769425,0.08830049,23.806258139558725,0.067460865,7.317767257828139,0.093787715,21.5121934352566,0.12973557,-44.74466594862251,0.08391724,-0.087529756,0.16208595,0.07940735,-0.1346336,-0.13619891,0.040482864,-0.22449948,0.11668165,-0.1553001,0.061066367,17.240038,19.187365,15.938464,0.0018969303944155805,0.04233911884242062,0.003837401646546819,,,0.99358135,0.0,31,3.2489004,1.3015738,14.004,13.401,13.079,0.026,0.025,0.029,19.5281,0.0169,18.1947,0.0072,16.5325,0.0049,15.7317,0.0063,15.3312,0.004,,,,,,,,,,,,,,,,,3203.9312,4.9369,0.0426,1.1751,0.717,1.1224,0.6255,0.4971,0.3197,MARCS,0.0
65330099002345216,true,true,true,169.48099100066494,-23.307903153698565,59.024307561150344,0.015028069,22.439264785850384,0.008934465,7.750298936212662,0.01664551,20.369792737524676,0.017878473,-47.36402848117112,0.011793038,0.025242686,-0.091049574,0.3481786,-0.13549568,-0.13759565,-0.3122165,6.729173E-4,0.61328316,9.1086654E-4,-0.38456988,12.854562,13.591151,12.013043,8.512009301193357E-4,0.0026856691246436217,0.002073771862820353,6.566545,0.9449196,0.991129,0.05200022,31,1.5781078,0.8415184,10.936,10.297,10.161,0.024,0.027,0.021,13.901,0.0023,12.751,,12.385,,12.182,,12.065,0.0042,,,,,,,,,,,,,,,,,4498.454,4.6517,0.3183,0.5598,0.419,0.548,0.3279,0.2202,0.6765,MARCS,0.0
66560349435890176,true,true,true,167.05549916189614,-22.80951875940541,57.6379095792957,0.057276014,24.339206308563956,0.033966195,7.624237364113361,0.06600861,19.409409813996277,0.064616024,-46.91155574344629,0.046411615,0.22825834,0.09737241,0.48200098,-0.044853993,-0.047188137,-0.16461475,0.15008895,0.65224415,0.085978344,-0.30764425,16.40082,18.048187,15.16089,0.001115998791171326,0.012862632567376917,0.002959974534590113,,,1.0213555,0.0,31,2.8872976,1.2399302,13.421,12.832,12.555,0.024,0.027,0.025,18.4134,0.0028,17.1917,0.0072,15.6934,0.0062,15.0104,0.0051,14.705,0.0023,,,,,,,,,,,,,,,,,3321.6306,4.8774,-0.0606,0.9245,0.5834,0.8862,0.4998,0.3864,0.3656,MARCS,0.0
65486951208575488,true,true,true,169.8328661395952,-21.952662058631258,60.30838261207829,0.04033686,23.174856115645884,0.026168814,7.061650618302846,0.042845894,17.745995796170646,0.056079723,-43.55986282229652,0.03285405,-0.021659305,0.12813474,0.055831164,-0.07422822,0.14477341,0.0064015035,0.06288097,0.6425565,0.087020345,-0.10711968,15.875267,17.44845,14.660801,0.0018118686737965252,0.009502759636604803,0.004210995438577936,,,0.99686575,0.0,31,2.7876492,1.2144661,12.964,12.244,12.033,0.024,0.022,0.021,17.8885,0.0114,16.5654,0.0028,15.1438,0.0028,14.5511,0.0056,14.2358,0.0073,,,,,,,,,,,,,,,,,3438.9968,4.6436,-0.3475,1.2213,0.7864,1.1665,0.6671,0.4995,0.4828,MARCS,0.0
69838302833692160,true,true,true,165.3902971742749,-23.122539322614262,56.15605465286112,0.014028126,25.137584496242773,0.009984679,7.6355811604397665,0.016303321,22.07741608943766,0.016924562,-46.67145895943276,0.012549923,0.1733009,0.05585721,0.2308204,-0.09192553,-0.0071263406,-0.2894146,0.042825326,0.39198512,0.044714388,-0.17379665,12.7919235,13.489324,11.986783,9.409777111619565E-4,0.0032395270907901786,0.002403537203678749,5.781368,1.1484466,0.99145377,0.04894989,31,1.5025406,0.8051405,10.995,10.391,10.239,0.024,0.032,0.023,13.7426,0.0112,12.909,,12.508,,12.27,,12.1114,0.0012,,,,,,,,,,,,,,,,,4416.8076,4.6273,0.12,0.3277,0.2458,0.3214,0.192,0.1295,0.676,MARCS,0.0
66763965244167808,true,true,true,166.48104119585844,-22.971236559826117,57.08979895346553,0.07722025,24.578586778083682,0.056629002,7.302744961813066,0.08917098,18.457817188300933,0.09854259,-45.79389190581427,0.07515998,0.22870782,0.21309343,0.13736941,-0.18174772,0.07076105,-0.239774,0.050351284,0.2812032,0.15640594,-0.15831614,16.977882,18.668314,15.698369,0.0016090910123920644,0.04981914396518754,0.005608873647239767,,,1.0157425,0.21090461,31,2.969945,1.2795134,13.8,13.196,12.969,0.023,0.026,0.027,19.1358,0.0165,17.8892,0.0069,16.2678,4.0E-4,15.4923,0.004,15.1317,0.0041,,,,,,,,,,,,,,,,,3239.308,4.9178,0.0522,1.0379,0.6398,0.9947,0.5549,0.4396,0.34,MARCS,0.0
69985499953396480,true,true,true,165.7787763402604,-21.918892319217505,57.34233213174778,0.06008069,25.793689824375647,0.038155116,6.94028215287807,0.069132656,19.41255011592517,0.072728164,-43.07535022079901,0.05133908,0.1824269,0.08647505,0.29803407,-0.17099462,-0.031352315,-0.2849602,0.094544105,0.6217633,0.011520722,-0.37830645,16.536205,18.25759,15.274624,9.945138219513746E-4,0.016918963184512095,0.0032103426837941673,,,1.1482606,0.17981881,31,2.9829655,1.2615814,13.456,12.815,12.566,0.026,0.029,0.027,18.6782,0.0104,17.3512,0.003,15.8284,0.0034,15.0905,0.0029,14.7577,0.0021,,,,,,,,,,,,,,,,,3335.683,4.8532,0.0701,1.1648,0.729,1.1166,0.6272,0.4894,0.3978,MARCS,0.0
66800180408292992,true,true,true,166.0417424291405,-23.29215257348612,56.523586281705164,0.034040634,24.612159232258236,0.02434232,7.342569093725325,0.036498327,21.31815347205297,0.04826905,-44.54099990974814,0.033042442,-0.07434234,0.08788282,-0.09178419,-0.06772176,0.03239368,-0.110977456,0.004494043,0.155658,-0.073369205,-0.0204095,15.064789,16.382164,13.920582,0.0016487807063802664,0.010913294642160867,0.004743402334872093,39.266163,8.372036,1.0981,0.080091394,31,2.4615822,1.144207,12.344,11.7,11.494,0.034,0.041,0.024,16.7813,0.0086,15.559,0.0081,14.392,0.0016,13.8477,0.0058,13.5901,0.0035,,,,,,,,,,,,,,,,,3504.7285,4.5034,-0.5544,0.7871,0.5213,0.7556,0.4353,0.3203,0.5535,MARCS,0.0
65666102884206848,true,true,true,168.28440677327762,-23.104413775684737,58.318577934063626,0.095107764,23.349339904045625,0.054593284,6.865076901566834,0.099301405,17.188845023349536,0.13092673,-41.70022565167011,0.07414543,0.032231793,0.103813656,-0.118315674,-0.33145463,0.15376219,-0.106484324,0.103494115,0.51455665,0.16936743,-0.28233066,17.307737,19.188805,16.02317,9.81487969662904E-4,0.03315929213185632,0.0038732854963346827,,,1.0078301,0.1620948,31,3.1656342,1.2845669,14.147,13.532,13.212,0.028,0.035,0.03,19.4916,0.0092,18.2337,0.0051,16.5975,0.0023,15.8277,0.0035,15.4351,0.0033,,,,,,,,,,,,,,,,,3294.6182,4.8858,0.0625,1.4131,0.8736,1.3486,0.757,0.5915,0.3682,MARCS,0.0
68254765570883712,true,true,true,164.77730115297584,-24.50232242171714,54.69069200480823,0.10203501,24.46757118115734,0.07275984,7.343794226671882,0.10900396,20.48662881723542,0.12832598,-46.14199897219629,0.09034857,-0.0075531024,0.029165613,-0.083484486,0.008550195,-0.0819993,-0.049816083,-0.091943905,0.37231848,0.08011546,0.17585099,17.32352,19.239063,16.020863,0.0014650396630455657,0.032704395333138,0.0042521622849867255,,,1.095516,0.37435907,31,3.2182007,1.3026581,14.026,13.406,13.104,0.028,0.037,0.03,19.6334,0.0134,18.3538,0.008,16.6239,0.0023,15.7882,0.0033,15.3629,0.0055,,,,,,,,,,,,,,,,,3212.0977,4.9141,0.1066,1.3309,0.8082,1.2721,0.7067,0.5655,0.3421,MARCS,0.0
63102694601689728,true,true,true,169.5273150291047,-26.38316796088561,56.76592439375685,0.01733197,20.195680669360634,0.013467169,7.685071538856968,0.02011454,21.450319145217385,0.020926623,-46.97212386529604,0.016852995,0.17225997,0.08565331,0.29308918,-0.20346804,0.1021702,-0.291946,0.15969743,0.20605972,0.028527709,-0.22130239,13.785254,14.750725,12.813434,0.0013903285265370725,0.004722374736983807,0.0034080919805012672,4.806507,3.5590057,1.0690483,0.0,31,1.9372911,0.9718199,11.521,10.823,10.679,0.018,0.019,0.016,15.2082,0.0125,13.964,0.0051,13.338,,12.935,,12.7622,0.0022,,,,,,,,,,,,,,,,,3694.9097,4.4403,-0.6911,0.2556,0.1796,0.2447,0.1458,0.099,0.667,PHOENIX,0.0
66702048996405632,true,true,true,167.05554991577284,-21.85796692501046,58.35214695354688,0.06871306,25.03513354258102,0.043696776,7.458047576791752,0.07595035,19.219973089193786,0.08531357,-46.07461645091544,0.055925183,-0.019051963,0.010575136,0.23768316,0.024665454,-0.052478965,-0.15580072,-0.056840982,0.53827125,0.24734576,-0.21504156,16.605087,18.513653,15.3094225,8.674420013013424E-4,0.021611386731580223,0.002134288130054474,,,1.0633842,0.41708916,95,3.2042303,1.2956648,13.418,12.844,12.552,0.027,0.033,0.026,18.8297,0.0056,17.5463,0.0031,15.8772,0.0029,15.1095,0.0023,14.7443,0.0035,,,,,,,,,,,,,,,,,3279.3774,4.848,0.1152,1.2467,0.7683,1.1956,0.6663,0.5293,0.389,MARCS,0.0
53864804065393536,true,true,true,169.8561694666771,-21.45559692648134,60.70828661507774,0.040903557,23.510605573585625,0.023300067,7.092230790408538,0.045546386,17.656241912139183,0.049752474,-44.681983984621695,0.028442327,0.044194344,0.09873645,0.22218509,-0.19879474,0.077567875,-0.10724886,0.094182044,0.63470805,0.22642861,-0.23986872,15.780696,17.254316,14.5944,5.343700222939865E-4,0.007147814028254622,0.001339160250092186,,,1.053012,0.08157177,31,2.659916,1.1862955,12.947,12.316,12.056,0.022,0.024,0.023,17.6487,0.0029,16.36,0.0028,15.0772,0.0031,14.4879,0.0027,14.1953,0.0061,,,,,,,,,,,,,,,,,3482.3145,4.7978,-0.0768,0.971,0.6312,0.931,0.5325,0.3985,0.4424,MARCS,0.0
68323485048225152,true,true,true,165.4648506145077,-23.457606740794578,55.96738194580432,0.02085705,24.841417159243488,0.01270566,7.374984049012138,0.020608423,21.07795817540528,0.030238,-44.25781713802527,0.017782511,-0.21556672,-0.046267275,-0.017369062,-0.3396337,0.15542483,-0.15431353,0.060961053,0.26467988,0.029850604,-0.07135771,13.734854,14.646505,12.78727,0.0022236241715505446,0.00832302311628634,0.005163281902693207,0.19879563,7.327185,1.1107836,0.02538256,31,1.8592358,0.94758415,11.47,10.786,10.605,0.021,0.03,0.019,14.9946,0.0058,13.849,0.01,13.253,,12.904,,12.6826,0.0029,,,,,,,,,,,,,,,,,3689.9028,4.3868,-0.7737,0.1305,0.0921,0.1251,0.0746,0.0505,0.6843,PHOENIX,0.0
66738023641737088,true,true,true,166.4943183347314,-23.16326353573945,56.957489521440976,0.07125224,24.428489800524442,0.050637703,7.336132894725513,0.07787946,20.413652152090826,0.09323788,-45.894555782921664,0.06612515,0.30645913,0.27438706,-0.10354904,-0.21392824,-0.005613727,-0.17555836,-0.0055948826,0.31687176,0.15724391,0.06330757,16.653147,18.428715,15.385392,0.001501362648524304,0.02715810869619737,0.0033216628739618477,,,1.0552306,0.17951639,31,3.0433226,1.2677546,13.552,12.997,12.67,0.025,0.027,0.026,18.7025,0.0088,17.5284,0.0048,15.9337,0.0015,15.2006,0.0045,14.8352,0.0024,,,,,,,,,,,,,,,,,3277.7144,4.881,0.0936,0.9728,0.604,0.9355,0.5215,0.414,0.3715,MARCS,0.0
65677506019076224,true,true,true,167.83303726115707,-23.52007123387812,57.679511495208054,0.16197386,23.332013611472313,0.098471954,7.273865469453809,0.17499055,19.147023737008404,0.20393333,-45.51685953734932,0.13162576,0.01890696,-0.035075847,0.3290807,-0.03308077,-0.097983874,-0.19962639,-0.003715527,0.6698562,0.15226611,-0.30412933,18.279741,20.309072,16.929232,0.0014451850662442448,0.0794296922211245,0.00759345520151076,,,0.99132437,0.17642006,31,3.3798409,1.3505096,14.873,14.203,13.921,0.038,0.05,0.051,20.8061,0.0203,19.5275,0.0087,17.5727,0.0039,16.6732,0.0043,16.2203,0.0049,,,,,,,,,,,,,,,,,3036.5896,4.9747,0.1106,1.06,0.6214,1.0159,0.553,0.4626,0.2694,MARCS,0.0
69947635521777152,true,true,true,165.79662214483469,-22.52414469946093,56.905696548985354,0.060484633,25.33384802905008,0.04184063,7.208952742799342,0.06527383,18.452672337497226,0.09248493,-45.72217892673376,0.054383565,-0.05102816,0.115072355,-8.791409E-4,-0.15819955,0.041738458,-0.09154753,-0.056243297,0.44896126,0.059899114,-0.08603925,16.461193,18.23539,15.190599,0.0011391970378541209,0.014609629125983382,0.004643512182374063,,,1.006535,0.0,31,3.0447903,1.2705936,13.358,12.729,12.469,0.023,0.024,0.026,18.6253,0.011,17.2964,0.0055,15.7646,0.0025,15.0101,0.0031,14.6515,0.0042,,,,,,,,,,,,,,,,,3340.1836,4.8466,0.0829,1.2225,0.7642,1.1714,0.658,0.5134,0.4023,MARCS,0.0
65134592089910656,true,true,true,166.05382200501663,-24.656022658496752,55.536924227074216,0.026592195,23.587895919357532,0.019901939,7.259168619515059,0.029539676,19.04030741626996,0.03303879,-44.249658033810164,0.023876192,0.011568702,-0.015980594,0.04663291,-0.2173123,0.14916648,-0.3321468,0.09990597,0.25539616,0.19278531,-0.18288141,14.803357,16.046324,13.696748,9.156636592600288E-4,0.004992216995086677,0.0022567573231979223,22.345871,6.4833684,1.1159865,0.09043764,31,2.349576,1.1066093,12.196,11.515,11.273,0.02,0.024,0.019,16.4589,0.0012,15.1944,0.0019,14.157,0.0067,13.6634,0.0017,13.4148,0.0038,,,,,,,,,,,,,,,,,3576.6392,4.4484,-0.712,0.7869,0.5295,0.754,0.4389,0.3152,0.5833,MARCS,0.0
64117062799542016,true,true,true,168.29790781854473,-24.089958285668434,57.591906954505056,0.05563094,22.62549947941777,0.031862672,7.159865534412515,0.05924875,18.44298164171357,0.074941255,-42.44434767132344,0.042622734,0.12680787,0.21551898,-0.04437305,-0.31934544,0.14246081,-0.09773375,0.09205261,0.6518315,0.18013506,-0.25941038,16.21168,17.86597,14.972922,8.601010476082994E-4,0.013702945185106149,0.002260378630195445,,,1.0154573,0.080051005,31,2.8930483,1.2387571,13.23,12.562,12.299,0.023,0.026,0.023,18.2311,0.0077,16.9712,0.0102,15.479,0.0047,14.801,0.0011,14.4684,0.0025,,,,,,,,,,,,,,,,,3371.3394,4.8293,0.0744,1.0442,0.6595,1.0035,0.5645,0.439,0.4194,MARCS,0.0
70091259227969920,true,true,true,164.77892467342366,-23.162716311392657,55.65988578713487,0.11256812,25.478848353058403,0.08958238,7.234602964116197,0.13170081,20.460033482893287,0.1428001,-44.29195405773243,0.12016019,0.3054704,0.18939973,0.30020642,-0.08628959,0.067921884,-0.23760453,0.09392168,0.2913253,0.067831226,-0.097722724,17.84341,19.954927,16.52448,0.0014206920955945155,0.07598354086147549,0.005259755605519368,,,1.0223122,0.0,31,3.4304466,1.3189297,14.459,13.89,13.568,0.031,0.042,0.044,20.3281,0.0319,18.964,0.01,17.1397,0.0072,16.2702,0.0021,15.8473,0.0039,,,,,,,,,,,,,,,,,3129.5042,4.965,0.0561,1.3466,0.8044,1.2828,0.7098,0.5729,0.2891,MARCS,0.0
65471729844532864,true,true,true,169.55971927282775,-22.27664279093288,59.864780390913005,0.0148878805,23.12358794121916,0.009705917,7.396599891504868,0.016272841,19.56575360766323,0.018250957,-44.96977416916024,0.0121155195,0.24933177,0.13303114,0.22896042,-0.20718275,0.10659752,-0.24365018,0.21007259,0.60575986,-0.022648994,-0.24852727,12.829326,13.534286,12.004468,0.00141678445478368,0.005364454840274809,0.00364234362977889,6.6995993,5.346457,1.0108391,0.064631976,31,1.5298176,0.8248577,10.95,10.269,10.13,0.024,0.025,0.017,13.7754,0.0127,12.939,,12.515,,12.262,,12.0324,0.0032,,,,,,,,,,,,,,,,,5116.578,4.6143,-0.5845,1.3214,1.0254,1.3326,0.7771,0.5555,0.6625,MARCS,0.0
64401389632616960,true,true,true,167.0567186442756,-25.932969168656843,55.34784133301275,0.06319906,22.031509901246583,0.051286485,7.300314696756316,0.07231247,19.504751573171244,0.08715113,-44.142929038949134,0.06575536,0.34950542,0.27316,0.06014667,-0.23548087,-0.06358583,-0.33715767,-0.04879873,0.16643855,0.027660912,-0.08930142,16.889109,18.864218,15.563824,0.001472018636601061,0.032064889857831756,0.0036168866114060067,,,0.98250765,0.12790649,31,3.300394,1.325285,13.555,12.857,12.536,0.022,0.026,0.026,19.3475,0.0168,17.9016,0.0083,16.1596,0.0021,15.3444,0.0027,14.9284,0.0064,,,,,,,,,,,,,,,,,3323.0806,4.8409,0.1273,1.8869,1.1554,1.7946,1.0068,0.7877,0.4055,MARCS,0.0
53251929411490688,true,true,true,170.52644097011174,-23.10457643737724,59.91603376061452,0.032053586,21.907573153832193,0.020813163,6.613973047859831,0.03727126,14.846731584248424,0.041416544,-41.563203642500504,0.027429601,0.15323643,0.14150162,0.239011,-0.13762048,0.029227229,-0.2105205,0.08640163,0.5404847,0.08029252,-0.3147892,15.462476,16.865934,14.296297,9.362624303298027E-4,0.008210371626254154,0.0023991875694139987,5.789412,4.66298,1.0303763,0.06807012,31,2.5696373,1.1661787,12.718,12.022,11.774,0.024,0.025,0.018,17.2611,0.0044,16.0171,0.0094,14.7818,0.0086,14.2107,0.0016,13.9321,0.0024,,,,,,,,,,,,,,,,,3577.8118,4.7354,0.0835,0.9446,0.6203,0.9088,0.5202,0.3887,0.5135,MARCS,0.0
70426507196531456,true,true,true,165.52699706352664,-21.058928922547345,57.79406565213057,0.0178492,26.58748706098972,0.009267909,7.007297483928808,0.018755283,18.033601337177487,0.02076949,-44.10886014640896,0.0129112005,0.13908449,0.08552051,0.21418294,-0.3833689,-9.1528054E-4,-0.1837107,0.10702536,0.5866366,0.11243534,-0.3625155,13.456802,14.265801,12.572135,0.0010492559006145385,0.004155820449278077,0.002593516123377775,6.477546,2.384565,1.0676464,0.02388748,31,1.6936665,0.8846674,11.414,10.777,10.599,0.02,0.015,0.021,14.5824,0.0048,13.5283,0.0092,13.109,,12.784,,12.5752,0.0057,,,,,,,,,,,,,,,,,4317.2285,4.6672,0.1453,0.4677,0.3428,0.4545,0.2713,0.1832,0.64,PHOENIX,0.0
65181527493208192,true,true,true,166.49880553118467,-24.29047404978565,56.1322400085094,0.045639306,23.59042529757861,0.031518515,7.24946466059114,0.047923893,20.500960783305388,0.060457066,-45.03641678694634,0.04024333,0.014407434,0.0066428664,-0.04444677,-0.07597634,-0.009223012,-0.18626337,-0.012566342,0.3186369,0.048675515,-0.015376852,16.055323,17.659685,14.835887,0.0013690085953657364,0.014700493387683167,0.004506317214683312,,,1.0818568,0.1224805,31,2.8237982,1.2194357,13.09,12.461,12.175,0.021,0.024,0.023,18.0853,0.0065,16.7684,0.0036,15.3651,0.0011,14.6875,0.0043,14.3814,0.0015,,,,,,,,,,,,,,,,,3426.499,4.8124,-0.0346,1.1408,0.7302,1.0913,0.6212,0.4701,0.4282,MARCS,0.0
65719463557799424,true,true,true,168.02770862625903,-22.680871583714644,58.450234631246445,0.15354836,23.81918184093902,0.09784016,7.864910535896297,0.17772087,20.06354580525604,0.17849913,-46.88631611568352,0.13185127,0.18603358,0.09106102,0.47362712,0.045833938,-0.042460132,-0.1828507,0.09407168,0.6211483,0.10465619,-0.27473438,18.019203,20.191437,16.599543,0.001410145646125284,0.08341743018793286,0.005535242077196547,,,1.0435135,0.47126472,31,3.5918941,1.4196606,14.433,13.76,13.513,0.032,0.031,0.036,20.8798,0.0294,19.4511,0.0095,17.3029,0.0053,16.3136,0.0025,15.8084,0.0038,,,,,,,,,,,,,,,,,,,,,,,,,,,0.0
69985637392346496,true,true,true,165.808868389825,-21.89012325941065,57.38677013764583,0.060056385,25.796211207355963,0.036630224,7.371013649320316,0.06741372,19.710225185339752,0.07571912,-46.362178155307696,0.050071668,0.15698206,0.08993437,0.27110928,-0.21406266,-0.035479065,-0.20739628,0.07699154,0.58122987,0.082135014,-0.3479972,16.544926,18.221704,15.296162,0.0010234619773152925,0.016088899885719116,0.0030667261482832755,,,1.078974,0.1646295,31,2.9255428,1.248764,13.501,12.925,12.619,0.024,0.027,0.024,18.6581,0.0131,17.3302,0.0082,15.8219,0.0069,15.1144,0.0022,14.8017,0.0039,,,,,,,,,,,,,,,,,3362.6572,4.8762,-0.067,1.2155,0.7683,1.1603,0.6582,0.5022,0.3712,MARCS,0.0
66821655244731264,true,true,true,166.10561658195402,-22.920409156652745,56.84583318282619,0.035176776,24.848752048434626,0.024156153,7.761479927581554,0.040834583,20.80852597315821,0.045931738,-47.429280642913454,0.030363359,0.05391679,0.004156364,0.2568501,-0.13182768,-0.027685804,-0.26865745,-0.05880564,0.24775018,0.2862816,-0.14559582,15.617148,17.185358,14.402938,7.540691935295204E-4,0.009020197453752972,0.002018757978058684,18.505743,12.684261,1.0696015,0.09136929,31,2.7824202,1.2142105,12.718,12.089,11.828,0.022,0.021,0.023,17.5096,0.0086,16.2879,0.0053,14.8946,0.0028,14.2352,0.0033,13.9528,0.0032,,,,,,,,,,,,,,,,,3389.6785,4.6447,-0.2575,0.9717,0.6223,0.9327,0.5288,0.4039,0.4839,MARCS,0.0
65275089060719104,true,true,true,166.06812430929725,-23.7827199664504,56.1833687967795,0.02186628,24.231003278419283,0.016528483,7.465089779730926,0.026360298,21.46729347046291,0.026485916,-46.4541970849661,0.020605858,0.14117824,0.0058992277,0.31628007,-0.09583457,-0.007035027,-0.34271243,-0.010909097,0.17698434,0.19015741,-0.16069502,11.193486,11.617371,10.609508,0.0010955063015319682,0.0025753102226851207,0.0021215745017528547,5.3713703,0.49375704,1.2194091,0.15061286,31,1.007863,0.58397865,9.913,9.566,9.469,0.026,0.034,0.022,11.7563,0.001,10.9772,0.0396,10.6019,0.0229,10.8638,0.1099,10.8875,0.0154,,,,,,,,,,,,,,,,,5464.444,4.5839,0.0131,0.2727,0.223,0.2816,0.163,0.1187,0.812,MARCS,0.0
64059407158605568,true,true,true,168.33153575261358,-24.38398417493907,57.39781407380614,0.08235221,22.39046720119339,0.055164285,7.399756837891425,0.09320872,19.47132579352298,0.10602998,-45.00153299664306,0.071098305,0.1428929,0.20029078,0.20357741,-0.04203471,0.087162234,-0.07383062,0.08609886,0.6768103,0.21894027,-0.1784098,17.05874,18.854296,15.798702,0.001081560726202828,0.03214006398100396,0.005997374475213843,,,0.9411865,0.0,31,3.0555935,1.2600384,13.944,13.323,13.055,0.026,0.027,0.029,19.2319,0.0094,17.9405,0.006,16.3194,0.0028,15.6143,0.0036,15.26,0.0028,,,,,,,,,,,,,,,,,3273.7493,4.9442,-0.0931,1.1772,0.7319,1.1225,0.6325,0.49,0.3158,MARCS,0.0
68354374452892160,true,true,true,164.7974045213726,-24.08217885192303,55.00785428462176,0.050375585,24.77371460602442,0.041078784,7.553124059345441,0.059865672,21.63172470092146,0.06592468,-46.3791664473849,0.052126944,0.20292673,0.042626973,0.18868704,-0.13832435,0.08907612,-0.39681026,0.05060233,0.19114986,0.15794753,-0.050549943,16.329308,18.015522,15.079587,0.0010544133914008199,0.014066259989941609,0.0031869861609564445,,,1.0783483,0.18265265,31,2.935935,1.2497206,13.31,12.708,12.485,0.026,0.03,0.025,18.3316,0.0122,17.1105,0.0032,15.6068,0.0018,14.9094,0.0022,14.5799,0.0044,,,,,,,,,,,,,,,,,3317.8872,4.7991,-0.1386,0.9702,0.6117,0.93,0.5243,0.4057,0.3886,MARCS,0.0
51616268426009472,true,true,true,170.2789036268203,-24.84230185680149,58.429315767678595,0.019193117,20.83327996686479,0.01160598,7.435143270986129,0.020606905,19.851565000781413,0.027438859,-45.5223085487388,0.015456249,0.043693174,0.112360656,-0.06423616,-0.28763705,0.13572681,0.014760587,0.11171825,0.5114877,0.1855578,-0.20835418,13.973773,14.969579,12.978091,8.008536053093943E-4,0.0035199217381736807,0.0020599738651347482,15.415862,7.2106056,0.979916,0.0,31,1.9914875,0.99568176,11.633,10.936,10.764,0.02,0.022,0.018,15.3941,0.0211,14.1397,0.009,13.461,,13.0485,0.0041,12.8465,0.0049,,,,,,,,,,,,,,,,,5006.2056,4.6921,-0.9691,2.3952,1.7871,2.3721,1.3905,0.9817,0.5805,MARCS,0.0
66551686483467904,true,true,true,167.05979470996897,-23.001230011833737,57.49815604974855,0.10761779,24.19589894135323,0.071959965,7.205215857775971,0.117894374,19.92888791242963,0.1466905,-43.61824072889623,0.09805822,0.2617776,0.28468186,0.027504638,-0.12776403,0.14679183,-0.06334478,0.14745793,0.6224421,0.10699473,-0.18470317,17.795551,19.807096,16.455793,0.0014627360917932343,0.07862746973856703,0.006090333967686084,,,1.0355865,0.22070353,31,3.351303,1.3397579,14.459,13.782,13.472,0.03,0.034,0.04,20.187,0.0269,18.9164,0.0091,17.0873,0.0054,16.2292,0.0039,15.8072,0.004,,,,,,,,,,,,,,,,,3102.3862,4.9519,0.1212,1.0089,0.6016,0.9683,0.5306,0.4375,0.2986,MARCS,0.0
51677669278703104,true,true,true,170.54135999391286,-24.20204418992466,59.09302532017072,0.043799464,21.12119347943441,0.02575918,7.545966627408137,0.050574854,19.28767320228885,0.056010254,-46.82267321693794,0.033027913,-0.024488164,0.07262629,0.36007455,-0.04279473,-0.044542734,-0.041496087,-0.01120189,0.5053592,0.30649558,-0.20979038,15.828851,17.406937,14.609021,0.0012733334994823589,0.019202881865426607,0.003688187481945172,,,1.0911435,0.12474477,31,2.7979155,1.2198296,12.938,12.308,12.016,0.024,0.027,0.022,17.7322,0.015,16.5111,0.0111,15.0921,0.0039,14.4539,0.003,14.1322,0.0054,,,,,,,,,,,,,,,,,3316.627,4.4183,-0.6535,0.9455,0.6029,0.9061,0.5136,0.3925,0.4699,MARCS,0.0
69834759483788928,true,true,true,165.53708346098196,-23.069432157823197,56.306465913388266,0.014440858,25.08756084913728,0.010385199,7.505058121310262,0.01632549,20.585544507614465,0.017351627,-46.24529324895428,0.012668061,0.04222174,0.0693951,0.27621472,-0.12051717,0.04642722,-0.1873391,-0.04545044,0.14395386,0.22153561,0.06309089,12.777334,13.446063,11.981714,0.0015979519571163313,0.006013114606963572,0.003851039077027867,,,1.0887399,0.062646605,31,1.4643488,0.79561996,11.029,10.396,10.22,0.027,0.034,0.018,13.6408,0.0157,12.7913,0.001,12.5401,0.0256,12.2401,0.001,12.0396,0.0031,,,,,,,,,,,,,,,,,4811.857,4.6534,-0.3207,0.8148,0.6276,0.8148,0.4795,0.3353,0.6465,MARCS,0.0
66728265476081408,true,true,true,166.50416546028708,-23.480473165345757,56.73055847874693,0.13391173,24.187798191519004,0.08562942,7.225399757694413,0.14798135,20.392590515354556,0.17107093,-44.02063830180597,0.1155257,0.012013538,-0.034422744,-0.16172117,-0.21587984,0.2078994,-0.3842728,0.20176634,0.4933433,-0.010390724,-0.4502717,17.19236,19.43611,15.85624,0.001551868933877805,0.0854825971353547,0.003713210794823106,,,1.0476388,0.30305678,31,3.5798693,1.3361197,13.804,13.206,12.871,0.032,0.038,0.022,19.721,0.0205,18.3178,0.0127,16.4942,0.0025,15.6095,0.003,15.151,0.0031,,,,,,,,,,,,,,,,,,,,,,,,,,,0.0
65697267166874240,true,true,true,168.10383716613595,-22.967435447258126,58.29021865632223,0.17154232,23.56311313950644,0.11379341,7.784782543947762,0.18410757,19.812853163374655,0.2205658,-47.12040483479255,0.15303355,0.25291365,0.21969126,0.036995318,-0.13404125,0.1918311,9.988076E-4,0.22312914,0.5902448,0.032770243,-0.17881328,18.314924,20.523376,16.957226,0.0016049707982568157,0.1258828288442069,0.0071471669666784325,,,1.0099624,0.61742455,95,3.5661507,1.3576984,14.856,14.268,13.87,0.034,0.056,0.052,20.8717,0.0278,19.574,0.0126,17.5825,0.0093,16.6984,0.0048,16.2347,0.006,,,,,,,,,,,,,,,,,,,,,,,,,,,0.0
69806039039416832,true,true,true,165.8121528742935,-23.392246198268786,56.27740714247925,0.10863763,24.678409040272616,0.07199856,7.5284014269211195,0.11225359,20.24411977407674,0.15253994,-44.80748682496666,0.09292266,-0.029984092,0.037324585,-0.14218849,-0.19872144,0.08449141,-0.15599205,0.03936098,0.35469797,0.12266615,-0.09544368,17.622309,19.673035,16.268385,0.0020172065814933835,0.08228296745704397,0.00993635466696082,,,1.0478622,0.22270559,31,3.4046497,1.3539238,14.227,13.61,13.325,0.031,0.034,0.035,20.0429,0.0305,18.7778,0.0071,16.8957,0.0053,16.0416,0.0063,15.6001,0.0041,,,,,,,,,,,,,,,,,3093.5596,4.9487,0.1463,1.0777,0.6398,1.034,0.5656,0.4683,0.2991,MARCS,0.0
65281239453865856,true,true,true,166.15143195276366,-23.604788902598308,56.37602962223804,0.023780197,24.312444915657963,0.018427372,7.338781422028091,0.026541505,18.946319933632715,0.03180253,-47.250448256608685,0.022565119,0.23938774,0.29430318,0.016342837,-0.22182049,0.00693262,-0.22997198,-0.04926049,0.26307902,0.14800158,-0.095043905,14.607255,15.810062,13.522047,0.0014143574744448265,0.011116547266790967,0.0035121557910990026,-0.44759342,8.008368,1.0718954,0.049120538,31,2.2880154,1.0852079,12.071,11.376,11.143,0.027,0.03,0.019,16.2818,0.014,14.9701,0.0104,13.9923,0.002,13.5224,0.0026,13.2728,0.0033,,,,,,,,,,,,,,,,,3668.046,4.5385,-0.4735,0.8122,0.5515,0.7786,0.4551,0.3236,0.6117,MARCS,0.0
63953819680971008,true,true,true,168.33453347993242,-24.825441610391902,57.07348073664716,0.050420128,22.066808749749143,0.03706761,7.598022917417946,0.054657515,20.284017118807654,0.06510971,-45.30198551821394,0.046597984,0.15729687,0.10983374,0.10824472,-0.20294744,-0.046759047,-0.24205728,-0.051990446,0.12310065,0.045334637,0.005969762,16.483202,18.196905,15.235043,0.0013103297331641863,0.01504150956762614,0.0027651388289018307,,,0.9693371,0.0,31,2.9618626,1.2481594,13.446,12.86,12.612,0.026,0.026,0.026,18.5424,0.0294,17.2933,0.0084,15.7784,0.0082,15.0652,0.0036,14.7239,0.0031,,,,,,,,,,,,,,,,,3315.7695,4.8894,0.0164,1.0029,0.6297,0.9611,0.5409,0.4201,0.3671,MARCS,0.0
68577300435634432,true,true,true,164.79747262545396,-23.632420001874785,55.33283855367576,0.073885,25.113497772126603,0.04999701,8.206844071640383,0.082381174,22.259098816703336,0.100344725,-50.37797715110469,0.06395674,0.048554882,0.1990283,-0.32326865,-0.32444713,0.1389655,-0.2293233,0.00858078,0.27149573,0.37532675,-0.026645616,16.688622,18.390865,15.433775,0.0012548181874589316,0.018408930786521265,0.0033789823134770663,,,0.9672041,0.0,31,2.9570904,1.2548466,13.659,13.082,12.828,0.027,0.032,0.026,18.7624,0.0091,17.5156,0.0035,15.9537,0.0032,15.2677,0.0037,14.9317,0.0023,,,,,,,,,,,,,,,,,3275.4587,4.9456,-0.0946,0.9057,0.5671,0.8672,0.4879,0.3793,0.3153,MARCS,0.0
50976077779666688,true,true,true,170.42953371034633,-26.847462108806702,57.04311923768382,0.014320965,19.30230212368997,0.010114823,7.734834945459338,0.015833635,20.827256174385475,0.018736614,-46.69973736930276,0.012612426,0.14235988,0.030538687,-0.010161945,-0.20815466,-0.028794996,-0.2896342,-0.04854471,0.27613077,0.26968083,-0.046120986,12.718654,13.409156,11.913653,8.151193787746593E-4,0.0030880448121338657,0.002062169399442158,5.0138965,1.2754658,1.1367141,0.06514761,31,1.4955025,0.8050003,10.943,10.348,10.217,0.024,0.028,0.02,13.681,0.0227,12.916,,12.491,,12.229,,11.9926,0.001,,,,,,,,,,,,,,,,,4479.3706,4.636,0.1255,0.2704,0.2029,0.2652,0.1583,0.1069,0.6663,PHOENIX,0.0
64259518272776576,true,true,true,167.0599365325134,-26.748385411987346,54.764638768320864,0.06378707,21.42208398595951,0.046718072,7.499861696290614,0.07101614,21.51012654458343,0.09193669,-45.626641493569586,0.060798787,-0.0012875331,0.04491641,0.031967763,-0.29274035,0.14993812,-0.26199776,0.055346403,0.16742122,0.3026142,-0.09906962,16.800209,18.658724,15.517677,0.0012913126315127503,0.01910075478483794,0.003230045666613543,,,0.9769868,0.0,31,3.1410465,1.2825317,13.647,13.064,12.737,0.024,0.023,0.022,18.9677,0.0105,17.7118,0.011,16.0846,0.0038,15.3219,0.003,14.9474,0.0034,,,,,,,,,,,,,,,,,3258.8733,4.8952,0.0833,1.1154,0.6881,1.0696,0.5964,0.4731,0.3591,MARCS,0.0
53618032422785280,true,true,true,170.82063436278239,-21.05356585467458,61.70653586787897,0.0403692,23.15091615426035,0.02447657,5.863973349576866,0.044058606,14.555961147663789,0.053612493,-36.09329137845528,0.033997245,0.0141052585,0.034305055,0.3014837,-0.0767242,-0.025571069,-0.1415915,-0.039201096,0.34906495,0.14684339,-0.099160746,15.914489,17.392036,14.724292,0.0010379714930897645,0.008244657199167902,0.002719629668856762,,,1.0304832,0.056654494,31,2.6677446,1.190197,13.03,12.419,12.132,0.021,0.028,0.022,17.7979,0.0094,16.5311,0.0052,15.2224,0.0037,14.6173,0.0017,14.3251,0.0055,,,,,,,,,,,,,,,,,3446.8408,4.471,-0.5775,1.0775,0.7008,1.0307,0.5912,0.4394,0.5294,MARCS,0.0
69834763780636672,true,true,true,165.53841664776238,-23.066905123535186,56.30933332022195,0.015955182,25.088631638618697,0.011564636,6.7238369311690125,0.018052604,18.962293916845173,0.01925591,-41.36768252342469,0.014056188,0.04515738,0.056421176,0.275421,-0.13071366,0.030329617,-0.20244145,-0.056444727,0.114089146,0.23543212,0.045848247,13.686684,14.534371,12.777094,0.003152969887423016,0.01170447150986884,0.007693015565041935,3.5430758,2.5827615,1.0770315,0.021514107,31,1.7572775,0.90958977,11.661,10.928,10.782,0.027,0.034,0.018,14.9534,0.0033,13.7464,0.0361,13.251,,12.998,,12.7577,0.0092,,,,,,,,,,,,,,,,,4214.1045,4.6665,0.0684,0.5402,0.3938,0.524,0.313,0.211,0.6292,MARCS,0.0
66915560410893440,true,true,true,166.51260993069445,-21.740099047609885,58.03320620434854,0.10192634,25.465031331017673,0.06394626,6.954660525737195,0.1085271,17.66704715044569,0.12467814,-42.95528837216997,0.08167497,-0.026170395,0.039793007,0.3420033,0.038831152,-0.0025471689,-0.08316539,-0.02574228,0.61809105,0.18726842,-0.11346421,17.438322,19.418928,16.125551,0.001232931128649954,0.036886457250760264,0.0032743035417852552,,,1.0727127,0.3484203,31,3.293377,1.3127708,14.155,13.61,13.267,0.029,0.03,0.037,19.769,0.026,18.4291,0.0065,16.7218,0.0059,15.9028,0.0035,15.5032,0.0059,,,,,,,,,,,,,,,,,3211.6921,4.9237,0.0763,1.3511,0.8214,1.2895,0.7181,0.5715,0.3331,MARCS,0.0
64007244778181248,true,true,true,168.12286536719998,-24.80616742887467,56.93617517454737,0.14637323,22.212093026243476,0.10525463,7.267899589037527,0.16237102,19.744760772191732,0.18293683,-44.90627737374165,0.14246199,0.24376029,0.05189351,0.31323776,-0.20072252,0.056747265,-0.266428,0.121708944,0.18583024,-0.07280262,-0.057836384,18.159636,20.166971,16.809385,0.0021636732714277206,0.0763111171950954,0.008649038435313271,,,0.98897254,0.35288328,31,3.357586,1.3502502,14.784,14.181,13.833,0.038,0.043,0.044,20.7307,0.0227,19.3251,0.0116,17.4708,0.0084,16.56,0.0041,16.1189,0.0046,,,,,,,,,,,,,,,,,3098.9258,4.9301,-0.005,1.4314,0.8483,1.3598,0.7519,0.6077,0.2853,MARCS,0.0
69992371901046400,true,true,true,165.81361263341046,-21.75117037594793,57.49428606850405,0.07852254,25.896034214215305,0.051839825,7.5491718165493475,0.08640914,21.59427404509217,0.10668991,-46.67945562362612,0.07022329,0.058924776,0.07469573,0.17698999,-0.045123294,-0.029515138,-0.20454124,-0.018496854,0.62361866,0.10527973,-0.27237663,17.203047,19.075125,15.901605,8.870808274475363E-4,0.04047728889971418,0.003932686006609309,,,1.01036,0.0,31,3.17352,1.3014421,13.98,13.417,13.04,0.027,0.029,0.031,19.4817,0.0124,18.1343,0.0084,16.4846,0.0029,15.7036,0.0027,15.3287,0.0041,,,,,,,,,,,,,,,,,3258.0273,4.9348,-0.0303,1.4536,0.8942,1.3813,0.7775,0.6038,0.3249,MARCS,0.0
66820590092840960,true,true,true,166.17275563064086,-22.903785257638276,56.908632149092455,0.033067454,24.81955061391246,0.02389176,7.321610715925585,0.03866026,18.77571686440077,0.040424813,-44.18426716411387,0.029524622,0.037543762,-0.10232464,0.3211799,-0.0967345,0.04989678,-0.3993166,0.045475405,0.27179453,0.16182221,-0.17099,15.393848,16.805998,14.228175,9.354080139308157E-4,0.0077890538803502395,0.0021341592836370046,,,1.0841954,0.09345077,31,2.5778227,1.1656733,12.593,11.974,11.699,0.022,0.019,0.022,17.2032,0.0054,15.944,0.0025,14.7077,0.0016,14.1375,0.0023,13.8542,0.0035,,,,,,,,,,,,,,,,,3559.115,4.7617,0.0289,0.9685,0.636,0.9297,0.5336,0.3961,0.4886,MARCS,0.0
65284469269256704,true,true,true,166.10051803065568,-23.486886238761706,56.42449682534324,0.018941807,24.431316803451438,0.012233593,7.374518162509229,0.019830715,20.51139814322395,0.025520446,-44.71388534229041,0.015254843,0.08812512,0.1367577,-0.15282226,-0.36634672,0.011157566,-0.18168981,-0.044418737,0.25371495,0.2396767,-0.05176019,11.090695,11.508349,10.504712,5.133415488681201E-4,0.00155862943163748,0.0010561123789298427,7.619913,0.4348205,0.93806535,0.097549945,31,1.0036373,0.5859833,9.801,9.528,9.398,0.029,0.034,0.022,13.144,,12.244,,11.656,,11.222,,11.123,,,,,,,,,,,,,,,,,,5448.3105,4.4735,-0.0869,0.2635,0.2156,0.2724,0.1574,0.115,0.8707,MARCS,0.0
64057895330132224,true,true,true,168.35990953730843,-24.467135137226865,57.356540141478256,0.12445031,22.312209187153343,0.08555067,7.124079011263999,0.14594857,19.556734054911658,0.1556048,-44.42785716407235,0.11286611,0.1415873,0.19512106,0.35317725,0.033591617,0.10289743,-0.13398923,0.09322957,0.6100684,0.20888339,-0.23576796,17.548912,19.468412,16.22509,0.0016167145550384412,0.059804058812949236,0.006636012639232448,,,0.94495887,0.4911875,95,3.2433224,1.323822,14.213,13.576,13.324,0.031,0.031,0.034,19.8874,0.0225,18.5912,0.0086,16.8177,0.0016,16.0002,0.0027,15.5954,0.0036,,,,,,,,,,,,,,,,,3218.4397,4.9178,0.0853,1.4668,0.8902,1.3982,0.779,0.6192,0.339,MARCS,0.0
70098612211973248,true,true,true,164.80034034970126,-23.01832407417679,55.78162924002444,0.045892194,25.574598690436172,0.034772694,7.407633218727595,0.057617493,20.444284880819517,0.060771182,-45.94911671972156,0.045768145,0.1929261,0.14517796,0.22149536,-0.12125373,0.05674757,-0.28959507,0.019387798,0.27293548,0.2892605,-0.1805007,16.097664,17.75232,14.855719,0.0014004744874724904,0.02291309658905882,0.0028383989317962515,,,0.92638355,0.0,31,2.8966007,1.2419453,13.07,12.459,12.19,0.022,0.031,0.023,18.1581,0.0049,16.9099,0.0055,15.411,0.0081,14.7248,0.0021,14.3819,0.0047,,,,,,,,,,,,,,,,,3177.5027,4.0706,-1.1119,0.8766,0.5515,0.8363,0.4736,0.3626,0.462,MARCS,0.0
51307065140124032,true,true,true,171.10065330204344,-25.225230918359262,58.70698572231984,0.017184868,20.03748525884304,0.011498847,6.674512017135269,0.01956674,17.181990859253933,0.022479594,-40.515385353326714,0.01480208,-0.0056355353,-0.054317046,0.26112592,-0.08316756,-0.06867078,-0.31315777,0.022489274,0.5924512,-0.11938934,-0.37250644,13.707586,14.592217,12.787694,0.0013754155672631042,0.007550361680456816,0.004433527315467714,7.2273574,2.886903,0.9848976,0.0,31,1.8045235,0.9198923,11.634,10.965,10.771,0.023,0.027,0.018,14.998,0.0177,13.7639,4.0E-4,13.373,,12.9201,0.0126,12.7698,0.0022,,,,,,,,,,,,,,,,,,,,,,,,,,,0.0
65011962184337664,true,true,true,167.06415850529635,-23.722239240003592,56.96658486416223,0.08478777,23.66317575454774,0.07130583,7.8091896514290235,0.10996326,20.613921327030738,0.1104931,-47.069554481239216,0.09280457,0.34997067,0.15939474,0.2590646,0.025206367,0.09053362,-0.41760617,0.18971308,0.5361405,0.060393345,-0.33212098,17.058777,18.886227,15.764659,0.0013855626230556447,0.04650606687364656,0.005399629521868819,,,1.0405909,0.2179666,31,3.1215677,1.2941179,13.919,13.277,13.03,0.028,0.03,0.027,19.2385,0.0164,18.0018,0.0044,16.3642,0.0025,15.5852,0.0026,15.209,0.0037,,,,,,,,,,,,,,,,,,,,,,,,,,,0.0
50940034414875392,true,true,true,170.96015868785003,-25.535861825730784,58.37823369974322,0.03966405,19.906585282226132,0.024413612,6.947715598371501,0.04160213,18.912099794874948,0.050373543,-42.2042994157005,0.032032967,0.10109691,0.031922802,0.023662055,-0.2144427,0.11365284,0.020026261,0.17907286,0.5264946,0.0696799,-0.20727205,15.607092,17.04839,14.422875,5.669141015204719E-4,0.00724194144645174,0.0018014290463252982,15.003693,10.721401,1.0877742,0.104188696,31,2.625514,1.1842165,12.788,12.115,11.862,0.021,0.022,0.02,17.4628,0.0075,16.1557,0.003,14.9068,0.0022,14.3227,0.0027,14.0469,0.0036,,,,,,,,,,,,,,,,,3431.4138,4.4418,-0.6835,0.9588,0.6256,0.9174,0.5268,0.3907,0.5079,MARCS,0.0
69834866859848192,true,true,true,165.54270171428644,-23.049046685356068,56.325703284283655,0.015449805,25.099341098152607,0.011207802,7.4380772139423605,0.017500846,20.86351880164022,0.01782212,-46.2940528962849,0.013483973,0.1242898,0.08511027,0.24757682,-0.12772776,0.11674561,-0.22150445,0.08146272,0.24680057,0.17300908,-0.055929195,13.570004,14.436668,12.655458,0.002139025574824456,0.009150815226405633,0.005492008838236801,4.7321415,2.789987,1.0589367,0.0,31,1.78121,0.914546,11.473,10.791,10.651,0.026,0.032,0.019,14.804,0.002,13.679,0.0088,13.085,,12.817,,12.5934,0.0066,,,,,,,,,,,,,,,,,4157.0605,4.6495,0.0079,0.5893,0.4267,0.5702,0.3406,0.2297,0.6289,MARCS,0.0
65038281743395584,true,true,true,166.51285536499378,-24.877314591878143,55.71537887938673,0.06789424,23.145328961490378,0.047368485,7.3190037313926535,0.07520478,19.91290055599684,0.08540685,-43.60728849473782,0.05980935,0.12532018,-0.0268097,0.2684074,-0.23853163,0.079249434,-0.22401024,0.044641737,0.07966281,0.2695279,0.0144372955,16.831034,18.834366,15.499237,0.0011380400506339503,0.03467107362490054,0.0033158845404570175,,,0.9722538,0.09749103,31,3.3351288,1.3317966,13.498,12.85,12.557,0.026,0.026,0.024,19.2819,0.0093,17.888,0.0064,16.1304,0.0021,15.271,0.0022,14.8487,0.0039,,,,,,,,,,,,,,,,,3261.4255,4.8077,0.1747,1.6386,0.9941,1.5668,0.8695,0.6972,0.4139,MARCS,0.0
63502745034164736,true,true,true,168.37440818425833,-25.92065123364367,56.29806820079618,0.19185442,21.241338325221804,0.1421117,7.30186058491228,0.21297401,20.36638703270864,0.26383048,-46.219003660420974,0.19023363,0.20986284,0.12926325,0.21567652,-0.13029292,-0.018807217,-0.1493001,0.0013727434,0.28159806,-0.18753502,-0.020875035,18.72935,20.974667,17.343483,0.0025904343294645667,0.11934417218749388,0.010551043872867982,,,0.9151481,0.2514782,95,3.6311836,1.3858662,15.181,14.488,14.195,0.047,0.054,0.051,21.4931,0.0455,20.1052,0.0189,18.0095,0.0052,17.0396,0.0051,16.5425,0.0045,,,,,,,,,,,,,,,,,2955.0144,5.0244,0.0712,1.1717,0.6713,1.1181,0.6049,0.5127,0.2271,MARCS,0.0
65113873167733248,true,true,true,165.8278222016702,-25.183267782211928,54.98907073327186,0.08090793,23.32825147918977,0.06502534,8.412299271002707,0.089960776,22.543539423263205,0.11892038,-50.368059070020365,0.087468944,0.10649697,0.19291781,-0.035384566,-0.041945953,-0.13670929,-0.24605417,-0.121157035,0.07168952,-0.11147491,0.0059760977,17.078058,18.938143,15.789668,0.0012430654271380728,0.0313261178681492,0.005846039750378788,,,1.071728,0.27942958,31,3.1484747,1.2883902,13.947,13.375,13.074,0.025,0.028,0.031,19.2871,0.0084,18.0058,0.0071,16.3614,0.0031,15.5971,0.0021,15.2261,0.0034,,,,,,,,,,,,,,,,,3210.2253,4.9708,-0.0771,1.0029,0.6171,0.9581,0.536,0.4221,0.2891,MARCS,0.0
66793583338514816,true,true,true,166.18410648183823,-23.190750678270543,56.70512196594524,0.020832783,24.599825599962905,0.013460011,7.386768646636278,0.02061157,19.352159230912562,0.027618961,-44.34839052032413,0.018127594,-0.12799539,-0.097975224,-0.05352815,-0.20658006,0.0026284044,-0.10231551,-0.015788103,0.1607197,0.096737705,1.603987E-4,14.310514,15.417697,13.269692,0.0016471831104297844,0.007854801863960204,0.004261347593619438,14.1499405,5.250376,1.1212512,0.046437006,31,2.1480045,1.040822,11.913,11.215,11.022,0.021,0.017,0.019,15.8385,0.0099,14.5927,0.006,13.7343,0.0063,13.3089,5.0E-4,13.0765,0.0048,,,,,,,,,,,,,,,,,3863.1873,4.6833,0.0744,0.7211,0.4994,0.6939,0.4079,0.286,0.5843,MARCS,0.0
65247704349267584,true,true,true,166.11852386051402,-24.010444390216193,56.05452292932521,0.017695986,24.030615863047565,0.012249984,7.594803806906587,0.019991616,21.404856037527303,0.022041071,-45.88621865204381,0.015385619,0.15141465,0.115100816,0.21176542,-0.2695681,0.03438349,-0.25398138,0.04637417,0.27403143,0.08022892,-0.17703375,11.167223,11.591781,10.58207,0.0011050492332174814,0.0031559739468256663,0.0023420390874048184,4.2054543,0.51638615,0.95421356,0.11110185,31,1.0097103,0.5851526,9.897,9.541,9.416,0.033,0.043,0.024,,,13.4663,0.0013,15.8526,0.0033,13.1295,0.0015,13.463,0.0024,,,,,,,,,,,,,,,,,5359.374,4.5808,0.0417,0.1904,0.1551,0.196,0.1138,0.0822,0.8149,MARCS,0.0
64092907903452800,true,true,true,168.42689262693295,-23.967769401908022,57.77559689630136,0.083048835,22.633376347393465,0.05007722,7.500111920385244,0.08733891,20.882520277954452,0.10918093,-45.90535315467692,0.066018395,0.15742521,0.15257277,0.123705134,-0.107313916,0.12100143,0.0020998921,0.13774075,0.69905216,-0.08799161,-0.16023014,17.126387,18.967655,15.823666,9.690849245570701E-4,0.029887391586011693,0.0042784404892605545,,,0.97746164,0.0,31,3.1439896,1.302721,13.925,13.343,12.977,0.028,0.031,0.031,19.365,0.0182,18.1288,0.0069,16.3962,0.003,15.6102,0.0028,15.2119,0.0037,,,,,,,,,,,,,,,,,3210.9956,4.9185,0.0948,1.145,0.6984,1.0969,0.6091,0.4879,0.3381,MARCS,0.0
68395606138958592,true,true,true,164.8308928462201,-23.567654657892785,55.405307633174154,0.07673752,25.14226701996682,0.051445175,7.523789987380409,0.080523804,20.633050296957002,0.123145945,-46.288960282882016,0.07442061,-0.01740982,0.055646505,-0.18950212,-0.18088827,-0.086281635,-0.022010632,-0.11612254,0.20702049,0.14898115,0.05959631,16.7538,18.569962,15.48779,0.001237424418414023,0.022520049365438145,0.005227325760376979,,,1.0201783,0.0,31,3.0821714,1.2660093,13.629,13.044,12.788,0.027,0.033,0.025,18.8664,0.0047,17.6301,0.0044,16.0388,0.0035,15.2895,0.0034,14.9392,0.0047,,,,,,,,,,,,,,,,,3261.4094,4.9082,0.0479,0.9577,0.5943,0.9189,0.5135,0.4054,0.3491,MARCS,0.0
50870902621391360,true,true,true,171.49996292873877,-25.441514014376708,58.81567399615866,0.01465348,19.62934261377893,0.010482007,8.856334055771406,0.015603229,22.049032481595486,0.018395107,-53.56802971197763,0.012955846,0.13068113,0.08184407,0.060522635,-0.03270651,0.11882625,0.14307761,0.15679705,0.60553724,8.673936E-4,-0.04362241,12.670413,13.395064,11.837458,0.0023282442132615986,0.008995971016846037,0.0057445697930601615,1.2537253,9.407654,1.1268839,0.06622509,31,1.5576067,0.83295536,10.766,10.154,9.976,0.024,0.025,0.019,13.712,0.0087,12.909,,12.425,,12.116,,11.956,,,,,,,,,,,,,,,,,,4280.982,4.6422,0.0561,0.0963,0.0711,0.094,0.056,0.038,0.6498,PHOENIX,0.0
66659408560406528,true,true,true,167.0683004679836,-22.45440683548203,57.91303365598468,0.060007617,24.591264585269954,0.038450312,7.351766950892662,0.06404901,19.755724092916576,0.08618859,-44.265570209454935,0.052213956,0.037710343,0.14082496,0.052762017,-0.14230792,0.12288433,0.014734102,0.08183946,0.6247493,0.12223948,-0.17854565,16.571566,18.296785,15.310652,6.901927827704835E-4,0.015910915417203467,0.0028091125524316598,,,1.0390334,0.05612357,31,2.9861336,1.2609138,13.502,12.916,12.666,0.026,0.026,0.031,18.6875,0.0084,17.4247,0.008,15.8564,0.003,15.1226,0.003,14.7796,0.0034,,,,,,,,,,,,,,,,,3277.369,4.8827,0.0901,0.8761,0.5453,0.8436,0.4701,0.3735,0.3705,MARCS,0.0
51505217751483392,true,true,true,170.99287734438278,-23.57580373149902,59.88117801955308,0.044735525,21.271636177026604,0.02863997,7.953648507920386,0.049116112,20.00452471895728,0.055613767,-48.88991717839808,0.038456034,0.22472359,0.31419072,-0.42026955,-0.18860465,0.38316095,-0.33234394,0.26909924,0.7467671,0.116194144,-0.45678738,15.540366,17.028694,14.348566,0.001071893354158212,0.008884129796853444,0.002466687805403039,2.7830114,6.8016167,1.0412925,0.054311406,31,2.680128,1.1918001,12.743,12.09,11.844,0.024,0.025,0.021,17.4129,0.0064,16.1831,0.0041,14.8366,0.0025,14.2284,0.0025,13.9382,0.0017,,,,,,,,,,,,,,,,,3425.8481,4.689,-0.2833,0.8733,0.5649,0.8387,0.4775,0.3611,0.4616,MARCS,0.0
69814388455816960,true,true,true,165.59325659734256,-23.259993255426696,56.20917356922093,0.014637712,24.91091026357742,0.00913844,7.4733806175867645,0.015080329,20.085431297811194,0.017434824,-48.023407865786695,0.011237728,0.022759238,-0.008124484,0.0027203518,-0.25361565,-0.043196205,-0.11151585,-0.05519045,0.24182715,0.14575377,0.16304028,12.985639,13.718534,12.1558695,0.001165861546566528,0.0038238692649145856,0.0019885489672731202,3.8005292,3.5790176,0.82991743,0.0,31,1.562665,0.82976913,11.069,10.445,10.286,0.024,0.034,0.018,14.0228,0.0043,13.102,,12.663,,12.392,,12.2338,0.0121,,,,,,,,,,,,,,,,,4357.6436,4.6256,0.0197,0.2408,0.1785,0.2352,0.1403,0.0949,0.6602,PHOENIX,0.0
65037731987586304,true,true,true,166.52000473876714,-24.926554334101596,55.68490896589497,0.07627187,23.10432423094935,0.053925462,7.645945267923222,0.085692264,20.177869277037477,0.09334466,-46.43088378877516,0.070301965,0.1845934,0.05546026,0.35009536,-0.10460692,0.12704512,-0.14999746,0.055494137,0.12140919,0.22714011,0.14724381,17.058886,19.003546,15.761085,0.0014407103358382392,0.028762909710076393,0.0031711591734250775,,,1.0118152,0.0,31,3.2424612,1.297801,13.845,13.266,12.954,0.023,0.026,0.027,19.3994,0.0087,18.1053,0.0054,16.3668,0.0031,15.5508,0.0025,15.1648,0.0026,,,,,,,,,,,,,,,,,3208.9514,4.9198,0.0927,1.1359,0.6928,1.0882,0.6042,0.4841,0.3365,MARCS,0.0
63923205154013312,true,true,true,168.40817968166024,-25.103935483015206,56.9207509878919,0.16114473,21.817916787557156,0.10292337,7.718484158889624,0.16527109,20.973294616989108,0.21839976,-46.9808271632548,0.12649682,-0.11981911,-0.04843107,-0.2206668,-0.2837881,0.019768309,-0.078881584,-0.024189131,0.25577012,0.3018634,-0.0478616,18.015074,20.051762,16.67526,0.0022412604787246542,0.0990181294280425,0.004705801990128476,,,0.97345626,0.6296642,95,3.376501,1.3398132,14.658,14.017,13.802,0.032,0.034,0.047,20.484,0.0143,19.1551,0.0118,17.2859,0.0042,16.4268,0.0024,15.9981,0.0034,,,,,,,,,,,,,,,,,3104.3796,4.9988,-0.0256,1.2907,0.7686,1.2273,0.6797,0.5475,0.2567,MARCS,0.0
65257187636977536,true,true,true,165.83400426802174,-24.24469794053243,55.6716335456923,0.086863525,24.028395789556246,0.062125143,7.165841660739484,0.09170266,21.017719353305196,0.11441664,-44.67677495515933,0.08028251,-0.13375212,-0.007919593,-0.03746602,0.09353024,-0.07133274,-0.06010187,-0.08677585,0.29233235,-0.088631354,0.14766058,17.168375,19.123604,15.868272,0.0017888145659949951,0.03611274488765064,0.004703570779847359,,,1.1185441,0.30682895,31,3.255332,1.3001032,13.975,13.35,13.081,0.026,0.04,0.028,19.4292,0.0288,18.1037,0.0061,16.4504,0.0062,15.6496,0.0017,15.2832,0.0028,,,,,,,,,,,,,,,,,3231.1453,4.9236,0.0429,1.2092,0.7416,1.1551,0.6453,0.5099,0.3339,MARCS,0.0
66781316909399424,true,true,true,166.2210595849821,-23.464180485963112,56.531386444741095,0.02169522,24.3741778959859,0.013971638,7.432728772573676,0.021524457,18.93156538453851,0.031248005,-47.08706292205727,0.018392202,-0.21751516,-0.10198078,-0.09219794,-0.17228843,-0.021691812,-0.050839834,-0.087652184,0.3583038,0.17497084,0.057669487,14.0124,14.979152,13.008881,0.0019522294041279418,0.009948599396924742,0.005215649299927343,3.9304402,4.139731,1.227079,0.08415567,31,1.9702711,1.003519,11.754,11.074,10.891,0.026,0.032,0.021,15.3609,0.0131,14.1241,0.0018,13.557,0.001,13.055,9.0E-4,12.8774,0.0049,,,,,,,,,,,,,,,,,3801.1086,4.5768,-0.3614,0.4799,0.3357,0.4604,0.2726,0.1877,0.6349,PHOENIX,0.0
63340154753661440,true,true,true,168.473999180682,-27.03596995483981,55.55799747769075,0.07655032,20.361981544006234,0.059667382,8.162583877288277,0.08482743,22.52155827958568,0.097669356,-48.13260226010571,0.07639562,0.31074145,0.2102209,-0.09904572,-0.17528744,-0.26371756,-0.35063806,-0.21384378,-0.005868722,0.031631716,0.13352211,16.799301,18.62598,15.519711,0.0016194598220439947,0.023597245709712174,0.004551696471480003,,,1.0003763,0.13363428,31,3.1062698,1.2795906,13.649,13.064,12.794,0.024,0.024,0.023,18.9787,0.0082,17.7297,0.0048,16.0828,0.0026,15.3344,0.0021,14.9578,0.0064,,,,,,,,,,,,,,,,,3254.4001,4.921,0.0249,1.1533,0.7123,1.1023,0.6174,0.4848,0.3388,MARCS,0.0
69911317277570688,true,true,true,164.8619768687656,-22.929668902654917,55.89373066170435,0.09065192,25.603884366317004,0.07065846,5.625361488803644,0.11044159,14.20587551501842,0.11649047,-35.25490646637055,0.08766053,0.33218563,0.17772579,0.26557082,-0.11140178,0.035763808,-0.3200824,0.02920837,0.33062017,0.18234156,-0.081637464,17.249975,19.201563,15.94469,0.0014181976548487542,0.041914375190648064,0.0038760017724043336,,,0.9815625,0.16994739,31,3.2568731,1.3052855,13.998,13.362,13.071,0.022,0.033,0.029,19.5207,0.0141,18.2896,0.01,16.5368,0.0028,15.7331,0.0046,15.3269,0.0036,,,,,,,,,,,,,,,,,3238.8638,4.8252,0.1615,1.2843,0.7825,1.2333,0.6825,0.5508,0.3973,MARCS,0.0
117857755189714048,true,true,true,161.39579850221682,-23.349966002771293,52.86140388881814,0.041483294,27.326560052838527,0.033148058,7.205455854683533,0.05196204,21.026228626793408,0.044862874,-43.59574602120835,0.036554288,0.22441915,0.19464849,0.4461318,0.1434477,0.14602311,-0.26193637,0.04558319,0.44642827,0.23560487,-0.016092427,15.543323,16.983023,14.37014,0.0011630820367357075,0.0073908123517116495,0.0025395966280979893,4.532347,7.701855,1.0961264,0.06411018,31,2.6128826,1.1731825,12.757,12.129,11.856,0.021,0.022,0.02,17.354,0.0061,16.09,0.0037,14.8447,0.0023,14.2607,0.0028,14.0064,0.0016,,,,,,,,,,,,,,,,,3477.6567,4.6576,-0.3883,0.9211,0.6027,0.8829,0.5066,0.3763,0.4787,MARCS,0.0
66659271121456768,true,true,true,167.06939153957867,-22.4839043815646,57.891738387194295,0.062612295,24.568991301553485,0.039219245,7.421206266094838,0.06500095,20.34257441414748,0.09111916,-46.71852154545581,0.0529406,-0.029919397,-0.008240527,0.14356242,0.004959421,-0.06901092,-0.0765628,-0.071015,0.6468617,-0.07915194,-0.20093112,16.468485,18.198425,15.212521,0.0010585148634480726,0.017167877603723364,0.004195979339488789,,,1.1151683,0.22186354,31,2.9859047,1.2559643,13.396,12.783,12.541,0.028,0.022,0.031,18.5859,0.0091,17.31,0.0056,15.7692,0.0055,15.0362,0.0035,14.6966,0.0038,,,,,,,,,,,,,,,,,3304.7969,4.875,0.0749,1.0086,0.6297,0.9688,0.5422,0.4266,0.3791,MARCS,0.0
51311566265952768,true,true,true,171.22658954720228,-24.97808112870951,58.978877637993016,0.043053243,20.131726282323726,0.02967399,8.577486860746532,0.05260218,22.00940742600134,0.057169992,-52.710266746876506,0.039792676,0.09573684,0.03886847,0.15484127,-0.18496487,0.045302775,-0.3551585,0.105756454,0.5385234,0.16078359,-0.42546728,15.969639,17.590302,14.734135,7.465363523995465E-4,0.008844649434107931,0.0022734198497520535,,,1.0984074,0.074334994,31,2.8561668,1.2355042,13.028,12.395,12.144,0.024,0.027,0.02,17.9595,0.0081,16.7322,0.0034,15.2656,0.0043,14.586,0.0034,14.2574,0.0024,,,,,,,,,,,,,,,,,3326.1194,4.7884,-0.1601,0.9081,0.5747,0.8713,0.4915,0.3799,0.3931,MARCS,0.0
66728089380491648,true,true,true,166.52077505227857,-23.408487927407606,56.796014445411146,0.1379303,24.230810652961136,0.08507904,7.219228074892927,0.13816188,19.51262477045458,0.22960587,-45.79436569802546,0.12339637,-0.3592538,-0.10525524,-0.254198,-0.034317706,-0.117974676,-0.03296798,-0.2294526,0.39732972,0.0014298352,0.047380123,17.542105,19.308191,16.23424,0.0016667076224049031,0.05588341095172422,0.005079486079217838,,,1.052468,0.23735403,31,3.0739517,1.3078651,14.269,13.72,13.398,0.034,0.046,0.031,19.9327,0.0259,18.5938,0.0074,16.8464,0.0041,16.0078,0.0021,15.6032,0.0038,,,,,,,,,,,,,,,,,3171.0742,4.9568,0.0296,1.0917,0.6627,1.0431,0.5796,0.4635,0.3005,MARCS,0.0
65641634452663296,true,true,true,168.4348431680847,-23.001896885243244,58.504722163146866,0.16595413,23.327914274720143,0.097367585,6.977480091655439,0.17176752,18.083135470389173,0.23138487,-42.80795268094474,0.13112776,-0.084925115,0.12337577,-0.34919843,-0.14028825,0.18455839,-0.16730465,0.001707481,0.6195658,0.083220586,-0.26687008,18.158997,20.425034,16.81365,0.0016127660417102898,0.08637097410646434,0.009058213336029467,,,1.0187693,0.21466248,31,3.6113834,1.3453465,14.786,14.207,13.883,0.035,0.048,0.054,20.6117,0.0291,19.2706,0.0051,17.4223,0.0045,16.5771,0.0028,16.1353,0.0066,,,,,,,,,,,,,,,,,3115.7695,4.994,-0.0226,1.3728,0.8185,1.3034,0.7233,0.5802,0.2616,MARCS,0.0
65264506261240448,true,true,true,165.84405208017895,-24.02623013711888,55.83802446730886,0.0825384,24.18570143772121,0.06338558,7.5405934166305375,0.097846955,19.330017856024007,0.10170716,-45.375585014003214,0.07397067,0.19104765,0.088632226,0.211585,-0.15681897,0.029181415,-0.36079484,-0.018304132,0.23616953,0.1838315,-0.056874674,17.445004,19.276646,16.153786,0.0011601797780542962,0.039277210831334806,0.003632007624619866,,,1.0160483,0.15097359,31,3.12286,1.2912178,14.184,13.632,13.302,0.028,0.035,0.034,19.7104,0.0085,18.4427,0.0066,16.7176,0.0033,15.9433,0.0028,15.5649,0.0057,,,,,,,,,,,,,,,,,3179.7834,4.9766,-0.0543,1.0296,0.6284,0.9831,0.5482,0.4349,0.2811,MARCS,0.0
66783584654831872,true,true,true,166.22277373058463,-23.35555875433614,56.61261347529189,0.046145882,24.45374227557123,0.027445294,7.203917977597592,0.043916557,20.29794758999426,0.06656982,-44.70787539997106,0.038316905,-0.14053166,-0.078444354,-0.14000493,-0.4036168,0.051722877,-0.097972505,0.00350366,0.09631085,0.23307388,-0.042079158,15.896999,17.473085,14.669244,0.001240752123715199,0.015926634759269958,0.005287359229846219,,,0.98888147,0.0,31,2.8038416,1.2277555,12.962,12.309,12.065,0.022,0.022,0.02,17.8867,0.0096,16.6013,0.0078,15.2015,0.0028,14.5363,0.0028,14.211,0.003,,,,,,,,,,,,,,,,,3390.3003,4.7136,-0.1166,0.9931,0.6342,0.9529,0.5398,0.4132,0.4666,MARCS,0.0
57319916274721920,true,true,true,168.49046807932174,-27.63882496121582,55.13496604273787,0.08308207,19.90821987401792,0.068153895,6.748246564058824,0.091991715,18.42629749475563,0.11110837,-41.790013829520355,0.08775266,0.26819903,0.19790961,0.16615844,-0.15212835,0.1384642,-0.2233064,0.12725022,0.2658346,0.08283203,0.019723304,17.4204,19.315962,16.121504,0.0011932607079910796,0.03368194356039359,0.004567790242411748,,,1.049801,0.10241442,31,3.194458,1.2988968,14.198,13.514,13.276,0.027,0.026,0.03,19.7502,0.0197,18.4184,0.0051,16.7126,0.0029,15.9169,0.003,15.5154,0.0037,,,,,,,,,,,,,,,,,3225.042,4.9274,0.0422,1.2843,0.7853,1.2255,0.6844,0.5409,0.3302,MARCS,0.0
68385603159177344,true,true,true,164.87870641338836,-23.820899420096342,55.25834051213235,0.080801435,24.92245417994135,0.058065046,6.423569055866071,0.09929543,18.602132515012876,0.11368383,-40.047981795172376,0.080534734,0.40073878,0.20890303,0.21439826,-0.22391565,-0.086065456,-0.2698993,-0.13145502,0.07924684,0.35042036,0.048295863,16.929817,18.611752,15.680053,0.0010109514554275938,0.025755028657801358,0.006283829660565776,,,0.99163616,0.15928797,31,2.9316988,1.2497644,13.941,13.257,13.037,0.029,0.034,0.026,19.0144,0.0062,17.7195,0.0074,16.2065,0.0048,15.5108,0.0029,15.1718,0.002,,,,,,,,,,,,,,,,,,,,,,,,,,,0.0
119400851039785600,true,true,true,161.61217299700124,-22.42140832154381,53.693219395465775,0.03382192,27.925578583449024,0.028841909,7.254427847209305,0.03937223,20.792045427794903,0.04051339,-44.00750870442434,0.035483554,0.22374435,0.20409395,0.3017213,0.07915593,0.29787457,-0.23512235,0.18866232,0.44367903,0.17786041,0.09737582,15.407915,16.859566,14.2210455,0.0013236982444881,0.013280256537375247,0.0038463104339304284,,,1.0624498,0.0,31,2.6385202,1.1868696,12.53,11.86,11.624,0.023,0.024,0.02,17.2966,0.0045,16.0305,0.0021,14.6927,0.0044,14.1109,0.0015,13.8147,0.0033,,,,,,,,,,,,,,,,,3534.0376,4.7091,0.036,1.075,0.7,1.0313,0.59,0.4414,0.5176,MARCS,0.0
64956127609659008,true,true,true,167.07031630607443,-24.422550644236193,56.45578142319428,0.060807034,23.142873769171167,0.041556105,7.620617578753752,0.0667985,21.004832827248883,0.0870306,-45.229861724922955,0.053000037,0.03130894,0.082522705,-0.029590387,-0.2638351,0.03314199,-0.16734524,-0.050025932,0.2783535,0.3405721,0.0181917,16.65293,18.232779,15.376368,0.0010028364047266567,0.02952269623898122,0.003644568832674096,,,1.0455467,0.11910361,31,2.856411,1.2765617,13.395,12.952,12.691,0.035,0.03,0.023,17.5203,0.0595,17.2222,0.0354,15.8721,0.0071,15.1357,0.0073,14.8175,0.0012,,,,,,,,,,,,,,,,,3268.608,4.9071,0.04,0.86,0.5359,0.8262,0.4619,0.3642,0.3504,MARCS,0.0
51257621476724096,true,true,true,171.55176993880752,-24.96738489059248,59.208211789793054,0.038871977,19.930267774172584,0.02504572,6.559134913210761,0.044613395,16.496204030964087,0.046025075,-40.28534463327467,0.031404153,0.14394286,0.07177146,0.34780127,0.0034974616,0.026327508,-0.17613827,0.12803917,0.5954372,0.18157047,-0.26025146,15.78614,17.309574,14.579176,0.0010939865318319655,0.008814784152936286,0.002689315670147509,,,1.0247711,0.02376603,31,2.7303982,1.2069645,12.916,12.282,12.008,0.024,0.027,0.021,17.6783,0.0113,16.4284,0.0031,15.0742,0.0054,14.4618,0.0059,14.1517,0.0022,,,,,,,,,,,,,,,,,3428.531,4.6469,-0.1884,0.9894,0.6372,0.9498,0.54,0.4099,0.5139,MARCS,0.0
68120728231661824,true,true,true,165.61395313259163,-25.12560060701511,54.871767713772435,0.0146939615,23.499172809593553,0.0118467845,7.4248451511728,0.016301263,21.952550134686536,0.020280343,-45.244621881741246,0.016027104,0.13499244,0.1263856,0.04873068,-0.0450342,0.038875327,-0.21551245,0.010298792,0.17044005,0.092348576,0.09684086,13.659394,14.554316,12.721828,0.0017275912765561065,0.007048335249377589,0.004046043250076762,1.0250328,3.8645685,1.0745244,0.022206692,31,1.8324871,0.9375658,11.506,10.844,10.688,0.021,0.017,0.016,14.9522,0.0054,13.7769,0.0154,13.173,,12.871,,12.6202,0.0077,,,,,,,,,,,,,,,,,4144.3867,4.6619,0.0349,0.5204,0.3733,0.5027,0.2988,0.2039,0.6239,PHOENIX,0.0
65226092073881856,true,true,true,166.54066128179568,-23.52495459066417,56.724915748846826,0.09677514,24.132370680376567,0.07126844,7.1171559330370835,0.110612564,19.309047531519298,0.1350046,-44.32380590885371,0.09332753,0.1710833,0.15679434,0.0753789,-0.27799758,-0.038069885,-0.33675277,-0.09930349,0.11980116,0.19191782,-0.055552576,17.303078,18.825335,15.999248,0.0013866727040204717,0.06741008747244549,0.006952802338177787,,,0.9730997,0.0,31,2.826087,1.3038301,14.106,13.455,13.195,0.029,0.038,0.03,19.5975,0.0613,18.2675,0.0059,16.5797,0.004,15.8023,0.0075,15.4065,0.0041,,,,,,,,,,,,,,,,,3182.361,4.9441,0.0502,0.8336,0.5098,0.8004,0.4439,0.3566,0.312,MARCS,0.0
65254885534508672,true,true,true,165.8537360916607,-24.26112478659339,55.674440494307696,0.059387498,24.004169380506745,0.040690158,7.361057342556959,0.06261922,19.45472846866403,0.08122334,-46.510573037379245,0.05345175,-0.17799447,0.011150654,-0.03535392,-0.026722847,-0.012422848,-0.08819562,-0.06641596,0.2690425,0.0019271998,0.10075858,16.582888,18.250332,15.340737,0.0011431536746490368,0.019533592788046016,0.0029988566996440986,,,1.0475366,0.0,31,2.9095945,1.2421503,13.567,12.963,12.679,0.024,0.027,0.028,18.6534,0.0096,17.3505,0.0043,15.8646,0.0013,15.1843,0.0011,14.8544,0.0029,,,,,,,,,,,,,,,,,3328.8706,4.766,-0.3574,1.1356,0.7179,1.0843,0.6149,0.4695,0.3616,MARCS,0.0
65267078945207296,true,true,true,166.28388477973047,-23.926516000126473,56.23900505450959,0.04001108,23.99217866658556,0.02841239,7.50643101758092,0.043221835,20.608714848927015,0.04795407,-44.771864233714425,0.036534533,0.094709076,-0.033940084,0.29238805,-0.24511825,0.030665336,-0.23739316,0.024739679,0.014762087,0.13392219,-0.03916027,15.717465,17.21952,14.508502,7.804987312527407E-4,0.01112853058892842,0.0014756380468586925,,,1.131965,0.13769186,31,2.7110186,1.2089634,12.868,12.227,11.962,0.029,0.038,0.023,17.6504,0.0057,16.3859,0.0074,15.0025,0.0029,14.3884,0.0069,14.0913,0.0012,,,,,,,,,,,,,,,,,3338.2295,4.4444,-0.619,0.8305,0.533,0.7972,0.4523,0.3449,0.4751,MARCS,0.0
65603946117575936,true,true,true,168.51719347163703,-23.410952690139716,58.256848955762266,0.057002556,22.97990043814057,0.04071727,7.420786200411975,0.066168286,18.67910400073735,0.07558624,-45.22834943525854,0.052259706,0.049852636,0.050865408,0.15066539,-0.042661585,0.031378888,-0.35966107,0.02414587,0.56204295,0.13725501,-0.32545435,16.564484,18.348476,15.2921915,0.0011920210597683456,0.014658505718081586,0.0027582230934452842,,,1.0472369,0.095321804,31,3.056285,1.2722921,13.476,12.794,12.536,0.024,0.027,0.024,18.6644,0.0201,17.4187,0.0047,15.8543,0.0036,15.1043,0.003,14.763,0.0056,,,,,,,,,,,,,,,,,,,,,,,,,,,0.0
69908156181656576,true,true,true,164.88929709616588,-23.130135119702764,55.76825100403674,0.08276773,25.436563539499705,0.06831404,6.839491558937704,0.09586864,19.64236162101324,0.10414098,-41.24986339494694,0.090168566,0.35273445,0.258603,0.28307924,-0.039765857,0.13504717,-0.20658617,0.10076602,0.28999525,0.15732339,0.021841967,17.10669,19.013865,15.790594,0.001268285338844167,0.040311967368273874,0.0047567048270460485,,,1.0271643,0.21815395,31,3.2232704,1.3160954,13.822,13.174,12.88,0.026,0.032,0.024,19.4386,0.0122,18.1403,0.0054,16.3883,0.0029,15.5637,0.0047,15.1467,0.0028,,,,,,,,,,,,,,,,,3213.595,4.879,0.1903,1.2944,0.7838,1.2426,0.6858,0.5568,0.3693,MARCS,0.0
117669120225730048,true,true,true,161.6198115332854,-24.49395113093835,52.24400231880925,0.038139563,26.303314281086163,0.03398833,7.746637116893237,0.042667348,22.918569681967917,0.048686195,-48.06806151326341,0.042447556,0.27907637,0.31944793,0.20945045,0.042637512,0.28335357,-0.17530213,0.24576254,0.44703025,0.03605241,-0.009613865,15.73018,17.321363,14.512489,0.0015933316357053997,0.014829215004735491,0.003893586713681483,,,1.0109403,0.0,31,2.8088741,1.2176905,12.795,12.186,11.938,0.024,0.03,0.022,17.6583,0.0167,16.4489,0.0019,15.0601,0.002,14.3854,0.0055,14.0529,0.0014,,,,,,,,,,,,,,,,,3389.5408,4.7033,-0.171,0.976,0.624,0.9367,0.5308,0.4058,0.4645,MARCS,0.0
65000863988835200,true,true,true,167.08435696004938,-23.646609210839806,57.03735109356826,0.06938228,23.706329978281527,0.051983595,7.548655100367121,0.0839179,20.935367912891873,0.089493304,-47.27674284468649,0.06577417,0.24266694,0.18799783,0.25599316,-0.016544051,0.012850775,-0.2717413,0.0042584003,0.40062898,0.19022208,-0.16195494,16.795107,18.595438,15.50964,0.0018846999033539208,0.028628821504768302,0.005274705900701018,,,1.0614438,0.18467653,31,3.0857983,1.2854671,13.599,13.05,12.828,0.021,0.026,0.028,18.9297,0.0084,17.6621,0.0061,16.0369,0.0052,15.3092,0.0047,14.9486,0.0031,,,,,,,,,,,,,,,,,3256.5002,4.8812,0.0265,1.0633,0.6582,1.0185,0.5697,0.4486,0.3531,MARCS,0.0
50856471531291648,true,true,true,171.59149027136849,-25.53548490455845,58.80686451438622,0.037874445,19.504492522181536,0.024864389,7.583381790840154,0.040411104,20.109010327184016,0.049128704,-46.486984499728536,0.031232323,0.06209111,0.06860075,0.024658035,-0.08269585,0.10317382,0.040025827,0.10861576,0.57347554,0.01890434,-0.12503096,15.475814,16.979752,14.277171,7.994188525490041E-4,0.005951129027893656,0.0019054551984699632,,,1.0344882,0.073395945,31,2.7025805,1.1986427,12.615,11.936,11.721,0.024,0.027,0.021,17.3165,0.0186,16.1235,0.0046,14.7813,0.0016,14.163,0.0062,13.8412,0.0032,,,,,,,,,,,,,,,,,3414.0725,4.5493,-0.432,0.9347,0.6046,0.8968,0.5111,0.3857,0.507,MARCS,0.0
66729674225341696,true,true,true,166.54642605623036,-23.354860510876325,56.85469975761968,0.09770193,24.25462065234576,0.05837055,7.5495680701742245,0.100397095,21.087168165577484,0.13427204,-46.027592700818865,0.079594396,0.04801017,0.1410782,-0.27858132,-0.4289405,0.05958551,-0.19930696,-0.026676271,0.18035893,0.28638485,-0.05888394,17.056747,18.837578,15.783017,0.0015005401234242511,0.02694625345673801,0.004074660227855403,,,0.9836351,0.0,31,3.0545607,1.2737303,13.927,13.284,13.018,0.028,0.028,0.033,19.3299,0.012,17.9998,0.0089,16.3568,0.0024,15.5956,0.0048,15.2234,0.0041,,,,,,,,,,,,,,,,,3224.1995,4.9513,-0.044,0.947,0.585,0.906,0.507,0.399,0.3065,MARCS,0.0
65263097511969792,true,true,true,165.86641039103708,-24.10343037393181,55.79855132706159,0.10137489,24.1144320201991,0.0726509,7.293955605946162,0.107664876,20.25602380241091,0.12920107,-45.77238477763018,0.09057534,-0.017340375,0.026767887,0.051191263,-0.25174892,0.14411147,-0.2520957,0.086054064,0.1579826,0.12233812,-0.024361055,17.451342,19.483572,16.108372,0.0014979068854253162,0.04184721528990088,0.007065965340106552,,,1.1470174,0.43938822,31,3.3752003,1.3429699,14.105,13.465,13.197,0.032,0.041,0.034,19.8857,0.0256,18.5777,0.0054,16.7345,0.0034,15.8752,0.003,15.462,0.0038,,,,,,,,,,,,,,,,,3130.9768,4.9318,0.1596,1.1198,0.6698,1.0747,0.5898,0.4848,0.3189,MARCS,0.0
65241313437941504,true,true,true,166.2907587853029,-24.078141883583175,56.13322156163397,0.0349699,23.875211468904485,0.025829317,7.357232412939338,0.03812598,19.612794179791926,0.04893924,-46.53499963859164,0.0379061,0.393839,0.21777114,0.17469497,-0.23230179,-0.119123876,-0.1487414,-0.05907501,0.09344277,-0.01967786,-0.053743493,14.404743,15.336383,12.858709,0.0015789413559517465,0.029594170799352358,0.06913593814229883,10.056603,5.962319,0.9595992,0.23202027,95,2.4776735,1.5460339,11.305,10.609,10.419,0.028,0.04,0.026,15.3739,0.0358,14.3193,0.0466,13.319,,12.857,,12.9914,0.0778,,,,,,,,,,,,,,,,,,,,,,,,,,,0.0
65276703968959488,true,true,true,166.2625933466735,-23.637331284941094,56.435155513167,0.017187066,24.22010548147908,0.0130409235,7.563215718435812,0.01921521,20.574860698295357,0.023561612,-47.20036506838736,0.015601278,-0.033951852,0.058980666,0.10330549,-0.15926053,0.07356949,-0.18340504,-0.025729528,0.18179876,0.303294,-0.09552367,10.392956,10.766737,9.8455715,0.001006824273422271,0.0030330904358307205,0.0024520422047222623,-31.98658,12.803273,1.2293495,0.12885822,95,0.92116547,0.54738426,9.262,8.847,8.753,0.023,0.053,0.021,10.85,0.001,10.1545,0.076,9.5856,0.1038,9.9093,0.0116,11.9968,0.0013,,,,,,,,,,,,,,,,,5743.281,4.3187,-0.1965,0.2788,0.2323,0.2919,0.167,0.1249,1.0581,MARCS,0.0
63937700667501184,true,true,true,168.59136358787072,-24.817601536378017,57.26243407904011,0.11140609,21.91285584411192,0.07922081,7.744726504099485,0.122820474,20.125013625659694,0.14218013,-48.426741461830574,0.10339364,0.28324047,0.21862365,0.21265025,-0.097739674,0.11825221,-0.09466302,0.14923109,0.46655646,-0.035368286,-0.12265996,17.505104,19.49168,16.182955,0.0013744258586702884,0.06582460514864104,0.006249666627710122,,,0.9976961,0.5555737,95,3.3087254,1.3221493,14.232,13.595,13.366,0.027,0.031,0.034,19.7992,0.0165,18.5223,0.0113,16.7766,0.0019,15.9662,0.0032,15.5579,0.0044,,,,,,,,,,,,,,,,,3165.7012,4.9562,0.0411,1.1729,0.7096,1.1199,0.6219,0.4981,0.301,MARCS,0.0
70274190474468864,true,true,true,164.90450638683672,-21.652357860635043,56.868431608315476,0.055766463,26.534764624622056,0.038120583,7.372225510083305,0.05685108,20.170626566598024,0.08393523,-46.3115765151861,0.05601539,-0.08509404,-0.03821777,0.12512,-0.2795797,0.11129637,-0.13152127,0.10239558,0.13765657,-0.017847052,-0.08733087,16.338064,18.019451,15.083654,0.0015913513567341684,0.019905642984757263,0.0035395740730478848,,,1.0026253,0.052087847,31,2.9357967,1.2544098,13.26,12.661,12.386,0.022,0.023,0.021,18.3859,0.0188,17.1126,0.012,15.6179,0.0133,14.8768,0.0033,14.5604,0.006,,,,,,,,,,,,,,,,,3320.4692,4.8489,0.087,0.968,0.6062,0.9314,0.521,0.4104,0.3993,MARCS,0.0
71873842454589568,true,true,true,162.18964654039968,-20.940364092090523,55.23361984768233,0.023047581,28.727395631145097,0.015463167,6.949359923661927,0.024007034,19.555723117058392,0.031249298,-42.61715991408225,0.020765012,-0.026779806,0.018066593,0.24284406,-0.1725611,0.17370714,-0.025201304,0.15162306,0.23859233,-0.023431148,0.057515074,14.348489,15.39151,13.331574,0.0014495076157958644,0.006475915562870603,0.0033199484431722884,8.662414,4.6558394,0.96126777,0.0,31,2.0599356,1.0169144,12.001,11.333,11.127,0.023,0.03,0.021,15.8583,0.0107,14.595,0.0014,13.7886,0.0074,13.4029,0.0033,13.2086,0.0052,,,,,,,,,,,,,,,,,3875.029,4.667,-0.0051,0.6371,0.4445,0.6127,0.3618,0.2509,0.5853,MARCS,0.0
64966916567283456,true,true,true,167.0989803695282,-24.07705814820201,56.730541115448666,0.109945565,23.380212988770477,0.08465184,7.294694239567216,0.119221516,18.858429537627444,0.1381728,-45.66888505121055,0.09883255,0.22841991,0.2888256,-0.052754737,-0.14796485,0.043281395,-0.11415353,0.0084785605,0.21098433,0.13958497,0.13720801,17.4539,19.343552,16.144558,0.0019002256708778222,0.0378016349306717,0.004594492255934459,,,1.0561346,0.25644663,31,3.1989937,1.3093414,14.21,13.618,13.301,0.025,0.038,0.033,19.7406,0.0178,18.4103,0.006,16.7007,0.0024,15.9066,0.0027,15.5307,0.0048,,,,,,,,,,,,,,,,,3172.051,4.9584,0.0226,1.0718,0.6511,1.0242,0.5693,0.4548,0.299,MARCS,0.0
119580754333554176,true,true,true,161.05543462027293,-21.9023698399306,53.6075171717762,0.116272464,28.653283183564227,0.08441759,7.747853377684895,0.12960663,22.673175789779993,0.14863364,-48.723922059023664,0.10492973,0.2268183,0.18534216,-0.05574478,-0.19881424,0.23302026,-0.25920218,0.1806925,0.4397642,0.24815468,-0.009605438,17.617117,19.699373,16.294617,0.0016627692590861119,0.050093380579055165,0.004303417841153888,,,0.99615306,0.23904456,31,3.4047565,1.3225002,14.277,13.653,13.409,0.028,0.03,0.032,20.0047,0.0074,18.7029,0.0104,16.8961,0.0044,16.0531,0.0033,15.65,0.0078,,,,,,,,,,,,,,,,,3107.4062,4.9817,0.0305,1.0021,0.6,0.9581,0.5286,0.4295,0.2717,MARCS,0.0
68267680536205440,true,true,true,165.71209813366966,-24.114928208469443,55.674687877103224,0.01895998,24.199276473366776,0.012291566,6.8213044818894275,0.020507503,20.123377100985664,0.02203917,-41.14435023565595,0.015962673,0.12706947,-7.506824E-4,0.35330385,-0.24111235,-0.04591157,-0.22933936,-0.05084097,0.0349031,0.07471891,-0.0015832874,13.848956,14.731272,12.826828,0.0023626192970323885,0.011436824608431477,0.007475822294555882,-2.557564,7.001981,1.0886706,0.02489726,31,1.9044437,1.0221281,11.331,10.678,10.471,0.024,0.033,0.028,15.1599,0.0076,13.9077,0.0,13.078,,12.744,,12.7581,0.0154,,,,,,,,,,,,,,,,,4276.3896,4.6742,0.0739,0.924,0.6709,0.8933,0.5351,0.3583,0.6282,MARCS,0.0
65170016980919808,true,true,true,166.56474691566123,-24.214759039988962,56.23629783447908,0.06302752,23.60638236898229,0.04052653,7.500034623921711,0.06425519,21.21935363059592,0.08703651,-46.27851751485042,0.054645967,-0.0742952,-0.117091775,0.115613334,-0.06688828,-0.12791024,-0.1923445,-0.09887042,0.21140915,-0.0845373,-0.07031043,16.171886,17.804462,14.9347,0.0011910253547096979,0.017528779896458475,0.0034913208926703066,,,1.154042,0.20198548,31,2.8697624,1.2371864,13.182,12.567,12.279,0.02,0.022,0.023,18.1529,0.019,16.9103,0.003,15.4495,0.0024,14.7645,0.0029,14.4411,0.0038,,,,,,,,,,,,,,,,,3364.3838,4.8433,0.0567,0.9834,0.6221,0.9451,0.532,0.4131,0.4074,MARCS,0.0
64734709159049600,true,true,true,165.87165090160434,-25.309924024581655,54.93055020913032,0.10295428,23.20691287032353,0.06926649,7.2387017323196385,0.10588192,20.62145080063228,0.13341257,-42.99560218792961,0.090724036,-0.04620212,-0.020214656,-0.092151016,-0.11583634,-0.11711919,-0.027453076,-0.116144605,0.21570776,0.024513671,0.12655602,17.339174,19.159653,16.061714,0.0013672911906156746,0.03465157655130387,0.004742767792820012,,,1.075769,0.25596344,31,3.0979385,1.2774601,14.154,13.598,13.208,0.028,0.027,0.034,19.5991,0.011,18.2769,0.0054,16.6169,0.0044,15.849,0.0029,15.4715,0.0031,,,,,,,,,,,,,,,,,3230.1858,4.9653,-0.0997,1.129,0.6961,1.0767,0.6042,0.4725,0.2932,MARCS,0.0
66818322350220416,true,true,true,166.31222562527068,-22.79352872304911,57.09512296362547,0.045091726,24.814693582624564,0.04008954,7.455007092647663,0.054515798,20.025932282537518,0.06398178,-47.51493543992956,0.053829152,0.5371633,0.32282922,0.14851956,0.051897258,0.24234152,-0.3765925,0.34350756,0.6508881,0.047829837,-0.22863904,15.761837,17.2547,14.567279,8.521587426451676E-4,0.0079481783288659,0.0022138283805934913,,,1.0198263,0.14751326,31,2.6874208,1.1945581,12.925,12.31,12.028,0.021,0.021,0.022,17.5867,0.009,16.3733,0.0039,15.0536,0.0025,14.4352,0.0019,14.1516,0.0037,,,,,,,,,,,,,,,,,3388.8896,4.5682,-0.5342,0.8725,0.564,0.8368,0.4769,0.3596,0.451,MARCS,0.0
65779971056668032,true,true,true,168.60087470711886,-21.995268084472478,59.38781403425705,0.064356305,23.94626374387572,0.036673978,7.7564569906051215,0.065798804,19.65113593879149,0.09086788,-48.10405501535265,0.048848797,-0.14811783,0.0729212,-0.17167552,-0.25071904,0.18856956,-0.11473187,0.026780555,0.5379991,0.11127344,-0.24276833,16.605007,18.351845,15.339501,9.040077687464741E-4,0.015759627153069364,0.0022776997402037228,,,1.0044092,0.0,31,3.0123434,1.2655058,13.503,12.916,12.633,0.026,0.026,0.023,18.699,0.0097,17.4354,0.0019,15.8673,0.0032,15.1597,0.0018,14.8115,0.0043,,,,,,,,,,,,,,,,,3286.594,4.8315,-0.1202,1.1095,0.6928,1.0611,0.5971,0.464,0.3632,MARCS,0.0
67667935599570432,true,true,true,164.92605750459288,-26.398164154768676,53.45758590718418,0.07909735,22.938664370319767,0.055903763,7.228278661249061,0.08161502,20.599604432459408,0.10011466,-44.495426010874446,0.07321601,0.06259589,0.02972903,0.10050788,-0.25683987,-0.0036710708,-0.086843856,0.0060405373,0.055716015,0.068008006,-0.07190068,17.20123,18.974302,15.937686,0.0011541573028887957,0.022190751124578457,0.00439125160979308,,,0.96708107,0.0,31,3.0366163,1.2635431,14.158,13.525,13.292,0.026,0.028,0.034,19.368,0.0149,18.0722,0.0073,16.4715,0.003,15.7479,0.0029,15.388,0.0021,,,,,,,,,,,,,,,,,3233.6704,4.9636,-0.0919,0.965,0.5976,0.9225,0.5172,0.4052,0.2965,MARCS,0.0
69583456653826048,true,true,true,162.27784130762777,-24.428137328192943,52.81107055987313,0.020369,25.98089799555247,0.01598247,7.344328851874564,0.02296829,21.751817844489928,0.026386581,-44.740244073577465,0.020980556,0.16925843,0.22375718,0.3168895,-0.020288983,0.084641136,0.105236806,-0.0022818963,0.33015534,0.111380614,0.24056135,14.452721,15.591552,13.393092,8.965969880153927E-4,0.0034820571348827957,0.0018559474202454783,1.8094532,14.110881,1.1386995,0.016482955,31,2.1984596,1.0596285,11.991,11.291,11.091,0.021,0.024,0.02,15.9834,0.0043,14.7339,9.0E-4,13.8499,0.0041,13.3914,0.0073,13.1582,0.0024,,,,,,,,,,,,,,,,,3806.3833,4.681,0.0564,0.7512,0.5158,0.7223,0.4231,0.2991,0.5777,MARCS,0.0
66560727393001216,true,true,true,167.10129997980152,-22.734665786827755,57.72778472773581,0.06324414,24.365326702461758,0.03888706,7.474582166375677,0.07193563,19.168660031261574,0.07375774,-47.10024451822018,0.05332464,0.1623986,0.05572003,0.38234952,-0.057962544,-0.05955728,-0.21770895,0.11345979,0.6962106,0.063552655,-0.37195244,16.679499,18.390163,15.42267,9.592244778659289E-4,0.016791037036963174,0.0021484412598947525,,,0.9842361,0.0,31,2.967493,1.2568283,13.612,13.047,12.749,0.024,0.028,0.026,18.7488,0.0085,17.4956,0.0039,15.9664,0.003,15.2568,0.0035,14.9271,0.0048,,,,,,,,,,,,,,,,,,,,,,,,,,,0.0
119499665350704384,true,true,true,161.75957815320595,-21.889820430671122,54.19371883040317,0.14198716,28.251550133718617,0.09645798,7.6851884575909795,0.1461473,21.261633476811,0.2019015,-47.55248335199197,0.1258622,-0.10658366,0.048242327,0.10724127,-0.297754,0.1515551,0.13669345,0.11051993,0.120824546,0.1635336,0.05079107,17.741257,19.76285,16.438066,0.002093015712473223,0.07958565619323515,0.008457847126357642,,,0.967038,0.5867645,95,3.3247833,1.3031902,14.417,13.771,13.531,0.033,0.031,0.039,20.191,0.0379,18.8361,0.0071,17.0106,0.0033,16.1886,0.0038,15.7899,0.0053,,,,,,,,,,,,,,,,,3138.0303,4.9883,-0.0332,1.1964,0.72,1.1393,0.6329,0.5063,0.2679,MARCS,0.0
66771764904729984,true,true,true,166.57714183117642,-22.73300149865209,57.3386267284366,0.1080976,24.694528039922922,0.063140064,7.370698641712576,0.118083775,19.561189732691787,0.13515887,-44.659659199542276,0.08462416,0.09886573,0.083806716,0.3598241,-0.13289537,-0.09238342,-0.097690724,-0.026858209,0.53000605,0.16709282,-0.21114159,17.683437,19.51135,16.370293,0.0012283046184342046,0.07129265626800253,0.005040664524631978,,,0.963428,0.08144376,31,3.141058,1.3131447,14.426,13.869,13.534,0.03,0.035,0.033,20.0705,0.011,18.7887,0.0093,16.965,0.0064,16.1418,0.0024,15.7388,0.0036,,,,,,,,,,,,,,,,,3128.1472,4.9632,0.0685,1.0659,0.6398,1.0201,0.5628,0.4572,0.2913,MARCS,0.0
65254576296865152,true,true,true,165.88619781103236,-24.27952623764369,55.68530669041346,0.08901518,23.970766125807877,0.061843786,7.302248027937386,0.09385504,19.709346367300665,0.122951694,-45.071551231511194,0.08167303,-0.14760597,0.01899837,-0.082682155,-0.014295972,0.0073034777,-0.1468845,-0.03052101,0.2806242,-0.018190203,0.07620067,17.378773,19.218224,16.06999,0.0017123014846003822,0.051900397135722164,0.0038060601183467296,,,0.99530447,0.0,31,3.1482334,1.3087826,14.191,13.488,13.227,0.031,0.036,0.024,19.7195,0.0124,18.3873,0.005,16.6524,0.0034,15.8584,0.002,15.4606,0.0042,,,,,,,,,,,,,,,,,3179.595,4.9492,0.0374,1.1013,0.6695,1.0528,0.5851,0.4677,0.3074,MARCS,0.0
66779358406877568,true,true,true,166.36357792844353,-22.63129795824291,57.25420132319898,0.040631805,24.902607776194206,0.03163468,7.629451775111978,0.047509544,20.28361932283305,0.056530125,-47.39279179600212,0.043659437,0.3957781,0.27510074,0.07967488,-0.043104853,0.14371927,-0.3296745,0.26018655,0.7096485,-0.15276772,-0.3783755,15.694813,17.253107,14.458935,6.905168980343517E-4,0.008251350568152842,0.0023952476933930683,,,1.0742036,0.10749376,31,2.7941723,1.235878,12.72,12.125,11.883,0.029,0.033,0.024,17.6133,0.0014,16.372,0.0044,14.9809,0.0029,14.3114,0.0034,13.9997,0.0038,,,,,,,,,,,,,,,,,3435.027,4.7728,0.0994,1.0254,0.6542,0.9875,0.5568,0.4307,0.4682,MARCS,0.0
65626623544976768,true,true,true,168.6205666136875,-22.979741845862453,58.65574608992024,0.06338039,23.225564592105965,0.037689254,7.137677265702494,0.066206895,19.005755722632816,0.094790965,-43.62218914476007,0.050495878,0.034173876,0.062047437,-0.11163947,-0.21535842,0.07520132,0.010366878,0.06309749,0.5783185,0.19143486,-0.12400751,16.585747,18.35791,15.306788,0.002069057254138415,0.022119902240826526,0.0058858522199923755,,,1.0254011,0.15264712,31,3.0511217,1.2789583,13.421,12.758,12.546,0.024,0.024,0.02,18.8462,0.0109,17.5185,0.0118,15.8487,0.0047,15.1287,0.0096,14.7853,0.009,,,,,,,,,,,,,,,,,3292.7178,4.8543,0.0673,1.1003,0.684,1.0556,0.5906,0.4649,0.383,MARCS,0.0
69942515919994368,true,true,true,164.9347543044432,-22.67274739073381,56.13788197135758,0.05868502,25.752519740211472,0.041112747,7.149068071202813,0.06229673,19.71595980126822,0.08496714,-44.83680822050025,0.055149734,-0.15984498,-0.0026373265,0.015114053,-0.19576627,0.057625864,-0.24641082,-0.034311753,0.16612315,0.13195658,0.0212899,16.459324,18.192596,15.194916,9.080610683086158E-4,0.01812184834188551,0.003056342525947447,,,1.1406668,0.20896445,31,2.9976807,1.2644081,13.388,12.74,12.491,0.029,0.032,0.028,18.6055,0.0077,17.3121,0.0063,15.7422,0.0046,15.0261,0.0015,14.6728,0.003,,,,,,,,,,,,,,,,,3337.1924,4.8515,0.0816,1.1406,0.714,1.0945,0.6142,0.4804,0.3997,MARCS,0.0
69122520763444352,true,true,true,162.34977858469773,-25.714692327945375,51.97616993558862,0.03647389,24.93627369748486,0.026816783,7.660715763550424,0.040612463,22.586067587067607,0.043680675,-45.39416484539979,0.035383016,0.27669543,0.08045606,0.2524844,-0.11035146,0.06060783,-0.12684508,0.04445638,0.19981007,0.14679159,0.19185284,15.786348,17.355377,14.572138,8.775788053942979E-4,0.006735980592925139,0.0016303601340711838,,,1.0089101,0.03419415,31,2.7832394,1.2142105,12.88,12.219,11.981,0.023,0.032,0.018,17.7574,0.0082,16.5165,0.0038,15.0826,0.0015,14.4366,0.0012,14.1288,0.0016,,,,,,,,,,,,,,,,,3420.7175,4.8069,0.0672,0.9197,0.5883,0.8855,0.5,0.3855,0.4405,MARCS,0.0
64967603762044928,true,true,true,167.10439958542543,-24.002057472554235,56.78974161914069,0.07301863,23.43215484093026,0.058926236,7.306142286619532,0.08113765,20.74313458821348,0.09041365,-43.89561580660229,0.07165507,0.31290054,0.31046635,0.14163962,-0.070594884,0.14986168,-0.1669601,0.10216696,0.30312005,0.11943935,0.084030345,17.04237,18.83467,15.771289,0.0013124952818207689,0.027930421611587174,0.0035628428745630232,,,1.00177,0.0,31,3.0633802,1.271081,13.958,13.313,13.093,0.03,0.031,0.031,19.2272,0.0073,17.9353,0.0058,16.3231,0.0027,15.5938,0.0018,15.2342,0.0052,,,,,,,,,,,,,,,,,3243.3171,4.9405,-0.0365,1.0005,0.6199,0.9567,0.5365,0.4204,0.3177,MARCS,0.0
69651759518208000,true,true,true,161.90810101319684,-24.23059974247093,52.65622522456369,0.10504005,26.34587768378552,0.08134265,7.1268985902932735,0.12794773,21.253673587430907,0.13923812,-44.37021219654732,0.097393505,0.12484249,0.017444192,0.3516721,0.07456194,-0.12754884,-0.3651495,-0.18252453,0.36114353,0.21664137,-0.10896523,17.323578,19.13233,16.041603,0.0016221404640658714,0.03136298093706279,0.003898629304671478,,,0.9401269,0.0,31,3.0907269,1.2819748,14.239,13.524,13.299,0.028,0.038,0.033,19.5542,0.0084,18.209,0.0081,16.6094,0.005,15.8383,0.003,15.4822,0.0031,,,,,,,,,,,,,,,,,3254.4055,4.9543,-0.0998,1.2527,0.7744,1.1929,0.6715,0.5214,0.3049,MARCS,0.0
69988489250631680,true,true,true,165.75654881777962,-21.90502316935554,57.33572618441402,0.015956456,25.81781951369322,0.009331469,7.747734110425985,0.017780812,19.652589032555056,0.018518,-47.62953161731615,0.012593997,0.20861766,0.030981334,0.30609992,-0.30156672,-0.08536177,-0.3028276,0.10933276,0.58890027,-0.04386477,-0.41534027,13.315139,14.14078,12.421041,6.095076326539209E-4,0.002690805158704409,0.00168329592898327,9.250212,1.8262933,1.1851069,0.043820914,31,1.7197399,0.8940983,11.32,10.67,10.487,0.023,0.029,0.024,14.5147,0.0034,13.463,,12.982,,12.678,,12.4156,0.0094,,,,,,,,,,,,,,,,,4207.1074,4.6574,0.0804,0.4721,0.3445,0.4583,0.2736,0.1847,0.6373,MARCS,0.0
65169943964429952,true,true,true,166.59038399294795,-24.183178224964276,56.27833987281683,0.08658928,23.614139359630546,0.059413858,7.2309171672488475,0.08655477,19.068891767681066,0.120184906,-44.98068962263365,0.07828888,0.07205046,-0.006490467,-0.09838863,-0.17335348,-0.1734643,-0.17708048,-0.13242276,0.053874582,-0.0728984,0.079545274,16.988838,19.105682,15.657268,0.0016070044411026845,0.0398750505096504,0.0038650639080220588,,,1.0175426,0.17891449,31,3.4484148,1.3315706,13.598,12.998,12.673,0.024,0.029,0.021,19.5148,0.0137,18.1184,0.0056,16.2902,0.002,15.4156,0.0041,14.9906,0.0043,,,,,,,,,,,,,,,,,3221.1812,4.8116,0.1795,1.6175,0.9744,1.5467,0.8553,0.6913,0.4019,MARCS,0.0
65263612908043392,true,true,true,165.89259026487926,-24.03246182753931,55.869797428461034,0.08007247,24.15158636442973,0.06778807,7.596763629614335,0.09692694,20.970523789670626,0.10009282,-45.9841385820174,0.07849598,0.27770916,0.16496237,0.16784838,-0.12633967,0.07563926,-0.40052512,0.06500904,0.32411185,0.110453814,-0.1375363,17.377176,19.323338,16.066093,0.0012760249535371641,0.05330896684155164,0.004049030197007475,,,1.0018568,0.045215808,31,3.257244,1.3110828,14.164,13.511,13.263,0.028,0.039,0.033,19.6718,0.0161,18.377,0.0063,16.6307,0.002,15.8426,0.0018,15.4687,0.0037,,,,,,,,,,,,,,,,,3169.1912,4.9571,0.0336,1.0567,0.6415,1.0104,0.561,0.4494,0.3006,MARCS,0.0
66911231083913600,true,true,true,166.4091047005415,-21.936083417435878,57.80779965610001,0.040533293,25.386302306443408,0.023178844,7.494606979507357,0.043466873,19.43880335389787,0.0454371,-46.52088425027251,0.03007238,0.08251092,0.03916326,0.36607867,-0.08022152,-0.053643618,-0.10723358,0.03225288,0.57125133,0.19702022,-0.20786496,15.793973,17.35099,14.573525,0.0014465561117441121,0.009215287557671384,0.004702445876075749,,,1.0412433,0.07071869,31,2.7774649,1.2204475,12.864,12.229,11.973,0.025,0.015,0.022,17.8087,0.0088,16.5016,0.0059,15.054,0.0039,14.4386,0.0068,14.1259,0.0017,,,,,,,,,,,,,,,,,3326.1157,4.4563,-0.576,0.9033,0.5766,0.8667,0.4908,0.376,0.4744,MARCS,0.0
65089336018173440,true,true,true,166.370523572787,-24.468925051591004,55.90730074032356,0.015208569,23.535787848747553,0.009555845,7.524981265385147,0.015248472,19.527245020995085,0.020671353,-45.2924067830061,0.013281016,0.029280633,0.035069406,-0.12139129,-0.43368673,0.13445108,-0.11065417,0.1023356,0.146354,0.25115693,-0.08447993,10.5763235,10.927368,10.060749,0.0010685787963140654,0.003849000679200456,0.0023217581892009827,6.5120916,0.45042944,0.98257875,0.06839526,31,0.8666191,0.51557446,9.529,9.191,9.124,0.019,0.017,0.02,11.06,,10.644,,10.503,,10.458,,10.439,,,,,,,,,,,,,,,,,,5789.686,4.5172,0.0404,0.182,0.1522,0.1906,0.1093,0.0813,0.9201,MARCS,0.0
66161020555461120,true,true,true,168.63681582063805,-21.485283585017957,59.80387587470013,0.072014414,24.288307388285293,0.04133005,6.800568184143455,0.07566103,16.741579511783428,0.09045551,-42.13618446141797,0.050983135,0.0334182,0.07679678,0.37244064,-0.15084484,0.04197526,-0.017359918,0.038703617,0.53437376,0.05514677,-0.06573555,16.859692,18.63897,15.584092,0.0013291088648756052,0.016961432328414,0.0038927418910688827,,,1.0107522,0.0,31,3.0548773,1.2755995,13.753,13.144,12.835,0.026,0.028,0.027,18.9861,0.0101,17.737,0.0048,16.145,0.0069,15.3999,0.0051,15.0409,0.0034,,,,,,,,,,,,,,,,,3312.7947,4.8742,0.0692,1.2254,0.7625,1.1734,0.6581,0.5152,0.3807,MARCS,0.0
70042743277270016,true,true,true,164.94145987824976,-22.28289761194159,56.42996532020241,0.051784024,26.040585885875117,0.035618395,7.286612572195774,0.056471862,20.260907066879618,0.065138854,-44.030689839099395,0.045519736,0.19939153,0.09902742,0.105259016,-0.2892028,0.029887894,-0.24113446,0.046276696,0.23834197,0.14294522,-0.1091807,16.206894,17.871216,14.96501,0.0012487119937594254,0.011375813257347494,0.003201764737140895,,,1.1960437,0.19086868,31,2.9062061,1.2418842,13.254,12.562,12.326,0.029,0.03,0.022,18.2404,0.0105,16.9945,0.004,15.4945,0.0037,14.8233,0.0034,14.477,0.003,,,,,,,,,,,,,,,,,3370.475,4.8354,0.069,1.0226,0.6465,0.9828,0.5531,0.4298,0.4147,MARCS,0.0
71409985986006016,true,true,true,162.62604394355265,-21.649729946464696,55.06948247876081,0.03766029,27.922631045395285,0.031224506,7.450867275462981,0.04135996,20.470849451341355,0.04839197,-45.462798240630434,0.0389905,0.35863966,0.24147616,-0.14951257,0.059073213,0.25404885,-0.30853596,0.32690185,0.59784997,-0.05509605,-0.094129086,15.456091,16.916193,14.271986,7.768126653013649E-4,0.007486823329100359,0.0017301804889726798,,,0.99745065,0.0,31,2.644207,1.1841049,12.637,11.977,11.754,0.024,0.03,0.023,17.3069,0.0079,16.0743,0.0059,14.763,0.0042,14.1759,0.0032,13.8916,0.0039,,,,,,,,,,,,,,,,,3387.7327,4.41,-0.6893,0.8254,0.5359,0.7918,0.4521,0.3397,0.5038,MARCS,0.0
64990792288875264,true,true,true,167.1551719840131,-23.902731180149228,56.900223814089344,0.09190188,23.47393838707442,0.07127222,7.548538567542814,0.10260747,19.302490159035983,0.11040373,-46.086822658837626,0.090910785,0.36352983,0.23463687,0.2626928,-0.17995934,0.13379705,-0.23310347,0.18903959,0.305255,-0.046428803,-0.10622056,17.404692,19.282608,16.104057,0.0014517213191683443,0.030254411177233452,0.004815751170921783,,,0.96674895,0.0,31,3.1785507,1.3006344,14.199,13.661,13.346,0.028,0.026,0.033,19.6531,0.0096,18.4087,0.0063,16.7053,0.0035,15.8907,0.0028,15.4978,0.0037,,,,,,,,,,,,,,,,,3169.7166,4.9569,0.0333,1.0413,0.6324,0.996,0.5529,0.443,0.3007,MARCS,0.0
69763329884321152,true,true,true,161.95276354005497,-23.732253260935227,53.04045285200158,0.048443235,26.708965795723376,0.03871393,8.880262350594155,0.05582967,25.385644340864854,0.06561247,-54.66504890558406,0.05091707,0.26389533,0.21251845,-0.031012462,-0.050273884,0.124789566,-0.24901025,0.08851798,0.31154212,0.19108161,0.14551353,16.217434,17.918858,14.96103,0.0010703819157907018,0.01793136041332536,0.0021903578569466417,,,1.0469036,0.043556556,31,2.9578276,1.2564039,13.155,12.529,12.242,0.024,0.027,0.023,18.2447,0.0114,17.0455,0.0044,15.4823,0.0043,14.7955,0.0043,14.4503,0.0033,,,,,,,,,,,,,,,,,3279.788,4.7311,-0.3119,1.0562,0.6615,1.0107,0.5691,0.4416,0.3711,MARCS,0.0
65202383854448384,true,true,true,166.60664338443937,-23.901654767778222,56.49673767202074,0.08190638,23.812867344430007,0.075343445,7.584054434284224,0.101854555,20.4579022335004,0.10520784,-46.74669948230612,0.095333606,0.5747002,0.2807672,0.28923455,0.046351314,0.24554595,-0.41005796,0.46364963,0.68384033,-0.1593563,-0.32649186,17.039532,18.557104,15.764448,0.001265734653191071,0.04187234504897667,0.004122154881724381,,,1.0317597,0.083240956,31,2.792656,1.2750835,13.919,13.358,13.07,0.024,0.033,0.023,19.206,0.0174,17.901,0.0037,16.3127,0.0038,15.5848,0.0057,15.2271,0.0042,,,,,,,,,,,,,,,,,3228.3652,4.9597,-0.0762,0.7629,0.474,0.7316,0.4093,0.3223,0.2991,MARCS,0.0
65265674492422784,true,true,true,165.89330962939897,-23.948643508315982,55.9314251981591,0.1049847,24.213757929647073,0.0855541,7.427304424110286,0.12562232,20.931081673152953,0.13848646,-45.14194402105124,0.10446699,0.2979491,0.15675922,0.16939528,-0.13076594,0.0135086505,-0.38414124,0.0535447,0.35074168,0.046018325,-0.1794688,17.757893,19.69635,16.42879,0.0013750477607000708,0.0551931446389115,0.00661488715292034,,,0.9560146,0.0,31,3.267561,1.3291035,14.44,13.863,13.571,0.032,0.042,0.035,20.1899,0.023,18.8723,0.0113,17.0188,0.0039,16.1965,0.002,15.7911,0.002,,,,,,,,,,,,,,,,,3093.9875,4.9769,0.0622,0.8626,0.5158,0.8275,0.4544,0.3731,0.2751,MARCS,0.0
66742765285619584,true,true,true,166.44183196520294,-23.10371258936959,56.96235820156938,0.032231208,24.505016189025188,0.025533447,7.355850981343791,0.037125397,18.640018588177448,0.04339118,-45.03502657120565,0.03257628,0.34267664,0.30539483,-0.05658102,-0.080121875,0.14119934,-0.27425915,0.17265114,0.49013665,-0.1289802,-0.26817223,15.015844,16.3272,13.887265,7.770930650795865E-4,0.005386538957657567,0.0021014373833935928,,,1.1241056,0.06798111,31,2.4399347,1.1285791,12.371,11.734,11.497,0.022,0.021,0.021,16.7151,0.0076,15.4601,0.0033,14.3313,0.0041,13.8297,0.0045,13.5736,0.0016,,,,,,,,,,,,,,,,,3637.244,4.7236,0.0431,0.872,0.5813,0.8381,0.4839,0.3541,0.5264,MARCS,0.0
63485427727244544,true,true,true,168.66763268609512,-25.871053989054086,56.541269903063466,0.045075223,21.097786187701033,0.034028266,6.835496796483537,0.04964973,18.798239961955623,0.062611625,-41.8305630359327,0.041691888,-0.010787048,0.106371485,-0.046246048,0.09588685,-0.0692092,-0.19022647,-0.08361304,0.36126757,-0.13366133,0.0015553182,16.040298,17.638668,14.815405,0.0014123581904616728,0.011621665760499349,0.0032427408063017246,,,1.0714281,0.12370256,31,2.8232632,1.2248936,13.111,12.442,12.247,0.023,0.023,0.024,18.022,0.005,16.7831,0.0048,15.356,0.0011,14.6681,0.0036,14.3504,0.0052,,,,,,,,,,,,,,,,,3373.4868,4.6394,-0.2978,1.0482,0.6689,1.0047,0.5697,0.435,0.4708,MARCS,0.0
68356367317952128,true,true,true,164.9433434669106,-24.017121077120127,55.16567231201829,0.087792985,24.735582879413812,0.06709559,7.6624858858062375,0.10175311,20.52210330743714,0.1179278,-46.58775662675574,0.0933223,0.5165662,0.28476757,0.28214502,-0.26690274,-0.11169332,-0.27064717,-0.029661957,0.17925294,0.07644872,-0.11040219,17.243416,19.092524,15.919441,0.0013203628429831154,0.038482732526479574,0.008116657136273596,,,1.0419772,0.0,31,3.1730824,1.3239746,13.971,13.428,13.109,0.029,0.045,0.037,19.547,0.0346,18.3044,0.0177,16.5114,0.0012,15.7098,0.0028,15.3027,0.0042,,,,,,,,,,,,,,,,,,,,,,,,,,,0.0
71262410909499264,true,true,true,162.74313994520534,-22.409553067448755,54.61277310383993,0.029099306,27.270485345232565,0.027920082,7.790099575870124,0.03597186,21.25931953504175,0.039638974,-47.13092135712293,0.036619846,0.34690917,0.21654196,0.13124295,0.106883824,0.25658333,-0.4197978,0.22719559,0.49804237,0.07626192,-0.06558755,15.120753,16.50484,13.963917,0.0010677091474359975,0.00450773932867387,0.002361639447410115,,,1.0068603,0.0,31,2.540924,1.1568365,12.401,11.77,11.534,0.025,0.031,0.021,16.8904,0.0078,15.634,0.0083,14.4481,0.0017,13.8814,0.0028,13.6085,0.0011,,,,,,,,,,,,,,,,,3441.6523,4.4194,-0.6823,0.7789,0.5115,0.7474,0.4289,0.3185,0.5307,MARCS,0.0
66511970924353792,true,true,true,167.17550188634146,-23.267397226427565,57.385640805744764,0.06408727,23.928295867174427,0.034350276,7.528337727096914,0.06445256,18.378447709251535,0.086953,-45.352257911091556,0.04600542,0.22202964,0.15461309,0.032349605,-0.38571528,0.053009223,-0.0076631983,0.14119643,0.62513167,0.18927446,-0.14837953,16.304827,17.967447,15.061431,0.0015237115341853852,0.009830871977091607,0.004707749394336945,,,1.0333118,0.11373896,31,2.9060163,1.2433958,13.257,12.655,12.411,0.023,0.024,0.023,18.3669,0.0243,17.0907,0.0127,15.6163,0.0046,14.9081,0.0026,14.5973,0.0018,,,,,,,,,,,,,,,,,,,,,,,,,,,0.0
69763329884321664,true,true,true,161.95844803353648,-23.7351552218749,53.04295162788612,0.05343554,26.7034415365963,0.04304553,7.0992214534101326,0.05767849,20.744222901268934,0.06946761,-43.675670055034615,0.055506736,0.25058943,0.25367662,0.013227189,-0.0059319977,0.2547339,-0.09691007,0.22398418,0.45692122,0.166424,0.12092254,16.347681,18.10068,15.086542,0.0017734362061178565,0.027811154590132774,0.006455774037059146,,,1.0100659,0.080029376,31,3.0141373,1.2611389,13.241,12.622,12.376,0.024,0.027,0.026,18.4235,0.0069,17.15,0.0056,15.6434,0.0039,14.9183,0.0065,14.5753,0.0028,,,,,,,,,,,,,,,,,3283.1694,4.4119,-0.5736,1.2721,0.7974,1.2151,0.6859,0.5292,0.4815,MARCS,0.0
65151531440914560,true,true,true,165.83427049288184,-24.5990100968352,55.41503159545681,0.019615037,23.762883513854284,0.012734226,7.582046291334272,0.021357648,22.103628080665608,0.026029019,-46.89623639600777,0.015876587,0.023480415,0.037272256,0.07594766,-0.3818943,0.13286324,-0.10879249,0.06985135,0.116889745,0.39298403,-0.012507907,13.867477,14.802361,12.916341,0.0011707602810024566,0.004766640449797707,0.0017332543691865672,6.1792736,2.4422998,1.0402107,0.030402413,31,1.8860197,0.9511366,11.71,11.036,10.873,0.018,0.019,0.018,15.1884,0.0061,13.9996,0.0052,13.416,,12.9946,0.0016,12.8389,0.0033,,,,,,,,,,,,,,,,,4109.5913,4.6742,-0.0799,0.6388,0.4561,0.6158,0.3663,0.2495,0.5873,PHOENIX,0.0
66715827250786432,true,true,true,166.6271164377765,-23.397257230369842,56.88340577218757,0.101723365,24.173392342814555,0.065069646,7.490687523590323,0.107790254,20.5733425299048,0.15835992,-45.742144344088786,0.08988094,-0.17956544,0.033566676,-0.18744002,-0.23799643,0.06567169,-0.10992596,-0.062493306,0.27884018,0.13044487,-0.046295196,16.851921,18.581,15.5670185,0.0019426927464815153,0.037914885250576465,0.0055752159758129015,,,0.8414757,0.41390064,95,3.0139809,1.2849026,13.752,13.158,12.874,0.029,0.028,0.026,18.8403,0.0259,17.7251,0.0081,16.1455,0.0042,15.381,0.0058,15.017,0.003,,,,,,,,,,,,,,,,,3242.0303,4.907,0.0807,0.9114,0.5629,0.8761,0.4874,0.3887,0.3493,MARCS,0.0
65289279632598016,true,true,true,165.9014856232705,-23.91002593194277,55.96571153528893,0.053624015,24.237623054397357,0.040716946,7.258986318244718,0.061165422,18.739842453436488,0.067766555,-45.7796111765911,0.050062336,0.16903414,0.060891245,0.22478509,-0.1011692,0.076633014,-0.29353154,0.088804364,0.36309788,0.12381013,-0.12274279,16.479933,18.315138,15.197699,0.002715560868746258,0.025285235671686803,0.006926318528364681,,,1.0665101,0.1921676,31,3.1174393,1.2822342,13.255,12.607,12.345,0.026,0.034,0.024,18.5896,0.0484,17.3791,0.0105,15.7985,0.0047,15.0093,0.0034,14.6176,0.0065,,,,,,,,,,,,,,,,,3289.1426,4.8104,0.1225,1.173,0.7249,1.1273,0.6276,0.4997,0.414,MARCS,0.0
66737405166459264,true,true,true,166.47837088348825,-23.255276581590582,56.87755475112934,0.035447728,24.370334652904095,0.022650437,7.390213974601189,0.04050967,19.619007237982416,0.05616278,-46.59133783173657,0.030329663,0.03711487,0.119802296,-0.41893566,0.36980245,-0.029929414,-0.18555267,0.006976677,0.5453223,-0.45411766,-0.057646953,14.798532,16.045107,13.697297,0.001177025705143002,0.004633501087252717,0.0017984076114257168,2.877757,9.598047,1.0457706,0.06398698,31,2.3478098,1.1012344,12.242,11.589,11.365,0.022,0.017,0.019,16.4342,0.0058,15.1974,0.0022,14.1352,0.007,13.6616,0.0028,13.4315,0.0027,,,,,,,,,,,,,,,,,3549.2166,4.4366,-0.7571,0.6677,0.4491,0.6406,0.3721,0.2685,0.5621,MARCS,0.0
65775195052996608,true,true,true,168.70153234862707,-21.806924035352804,59.604827774425196,0.072102875,24.016123941933326,0.03732258,7.477131647479549,0.07620309,19.664738605534893,0.09301925,-45.62571034716192,0.04813535,-0.167921,-0.090602875,0.06485573,-0.25745356,0.052114867,-0.0071547185,0.027825281,0.4764977,0.4183124,-0.13504787,16.437164,18.175772,15.1690035,0.0011828006779035902,0.017876646886828145,0.003054334948541552,,,1.097115,0.1989364,31,3.0067682,1.2681608,13.351,12.77,12.49,0.023,0.023,0.026,18.5768,0.0107,17.2624,0.018,15.7237,0.0035,14.9926,0.0033,14.6351,0.0012,,,,,,,,,,,,,,,,,3284.864,4.8665,0.1069,0.9369,0.5825,0.9022,0.5025,0.3997,0.384,MARCS,0.0
69898294936767488,true,true,true,164.95105206222408,-23.351668256654065,55.654025634157705,0.10834278,25.23250873853018,0.07832782,7.335305240582374,0.12529974,19.838197493850103,0.13990936,-44.48416981759517,0.10035598,0.26444468,0.18584529,0.07197376,-0.09655883,0.0063556246,-0.2682367,-0.004884481,0.32923624,0.13770027,-0.0113816,17.410069,19.32461,16.10699,0.001678692033051178,0.03911699348715313,0.004310546671529149,,,1.056955,0.3321385,31,3.217619,1.3030777,14.214,13.58,13.291,0.031,0.042,0.033,19.6806,0.0152,18.3863,0.0048,16.6987,0.0034,15.8957,0.0056,15.5097,0.0045,,,,,,,,,,,,,,,,,3207.7205,4.9424,0.0215,1.2729,0.7765,1.2133,0.6778,0.5356,0.3154,MARCS,0.0
71202831123254272,true,true,true,163.03965363468038,-21.635698939614027,55.411707788725614,0.037049107,27.68522168606013,0.021770827,7.467684852008185,0.03375415,20.869626967712644,0.046356555,-46.25582975115407,0.027821152,-0.2906984,-0.22641073,-0.10926152,-0.4836446,0.3304765,0.14012654,0.29739922,0.09341051,0.29199016,0.06534486,14.819542,16.198946,13.666117,5.935707885432194E-4,0.0038695871872052026,0.0014031005853850037,5.4403577,6.2275124,1.0926106,0.09056115,31,2.5328293,1.1534252,12.093,11.466,11.254,0.023,0.028,0.024,16.5923,0.0044,15.3573,0.0043,14.141,0.0051,13.5887,0.0021,13.3263,0.0042,,,,,,,,,,,,,,,,,3519.7854,4.4852,-0.4182,0.8796,0.5804,0.8446,0.4856,0.359,0.621,MARCS,0.0
65221487868870784,true,true,true,166.41762994192823,-23.75359061387559,56.46524526083272,0.028507637,24.03867637774549,0.021268874,7.295877939593721,0.034636375,19.8061014454413,0.036550045,-45.00296374339572,0.025210094,-0.0311521,-0.008001444,0.1399267,-0.12911241,0.12154646,-0.4138213,0.017015422,0.36971733,0.27937347,-0.24005586,7.8336287,7.920607,7.654846,4.0824581530373084E-4,6.885383196808103E-4,7.009037337661489E-4,6.8758893,0.60486364,1.3362249,0.20183925,31,0.2657609,0.17878246,7.456,7.362,7.332,0.03,0.036,0.016,7.978,,7.98,,8.059,,8.137,,8.159,,,,,,,,,,,,,,,,,,9835.445,4.3391,0.0644,0.575,0.543,0.642,0.3528,0.2892,1.6422,A,0.0
66512074003566976,true,true,true,167.17801815174946,-23.24982867973087,57.40055541252771,0.061626706,23.939616754347057,0.032254875,7.28785562194042,0.063518226,19.411524359447647,0.08237592,-44.5730025382453,0.04334372,0.13961568,0.09847735,0.09191254,-0.3561571,-0.008100722,-0.08411036,0.06887579,0.605398,0.19938794,-0.23943102,16.154657,17.787874,14.917308,0.0011040392358850635,0.013604623887152365,0.0028898468490450514,,,1.0865008,0.15269858,31,2.8705664,1.2373495,13.152,12.54,12.311,0.024,0.024,0.022,18.1855,0.0132,16.9166,0.0056,15.444,0.0053,14.7603,0.0037,14.4548,0.0037,,,,,,,,,,,,,,,,,,,,,,,,,,,0.0
69754121474458112,true,true,true,161.95982617535205,-23.991956954083324,52.86403550508074,0.121745326,26.5025511353923,0.08828348,6.418546589782847,0.1287181,19.267001189130685,0.16014285,-39.298040615095054,0.10914417,0.1029313,0.06961974,-0.09749969,-0.3138302,0.2553689,-0.15000471,0.18599933,0.29036018,0.34360862,-0.007169147,17.460627,19.326122,16.162916,0.001597917125781905,0.036761160226298446,0.009363739293594119,,,0.9926426,0.4503813,95,3.163206,1.2977104,14.255,13.625,13.318,0.032,0.033,0.034,19.706,0.015,18.4379,0.0097,16.7341,8.0E-4,15.9481,0.0031,15.5635,0.0029,,,,,,,,,,,,,,,,,3185.612,4.9382,0.0545,0.9577,0.5843,0.9183,0.5094,0.4087,0.3167,MARCS,0.0
65153833543386624,true,true,true,165.93488777276949,-24.59252302106795,55.49459139514297,0.020579396,23.707135284771677,0.0125587005,7.327419894069631,0.02070901,19.953576720669552,0.025127687,-45.7529298125275,0.014962327,-0.13065258,-0.12552026,0.14909925,-0.4293118,0.21084309,-0.18211985,0.1440481,0.059306107,0.29689455,-0.0629272,13.935524,14.910838,12.961369,0.0016953416990960546,0.006813382634473861,0.0041037136674734655,4.6637115,3.0164638,0.98458207,0.0,31,1.9494696,0.9741554,11.722,11.018,10.841,0.021,0.021,0.016,15.3493,0.0063,14.133,0.0022,13.494,,13.1862,0.019,12.8796,0.004,,,,,,,,,,,,,,,,,4017.834,4.6709,0.0147,0.6766,0.4802,0.6517,0.3875,0.2641,0.6054,MARCS,0.0
65203758244032512,true,true,true,166.62979703019764,-23.794564646734827,56.59257354759629,0.05780301,23.87793117845342,0.04095736,7.1116603531842495,0.07202958,19.385201134094537,0.07009145,-43.29755614690463,0.05413867,0.29357868,0.11385331,0.40229645,-0.085535824,-0.05385114,-0.30280066,0.058895037,0.3940396,0.10039683,-0.2703037,16.309023,18.169506,15.010233,8.018002638993353E-4,0.024111356894666373,0.002233167202211246,,,1.1299676,0.16278218,31,3.1592731,1.29879,13.011,12.349,12.046,0.024,0.027,0.023,18.6688,0.0129,17.226,0.0036,15.5855,0.0021,14.8056,0.0026,14.4089,0.0021,,,,,,,,,,,,,,,,,3365.8635,4.7414,0.1301,1.6427,1.0174,1.5707,0.8806,0.6901,0.4749,MARCS,0.0
65298208867376384,true,true,true,165.90595991426224,-23.652178205902924,56.157474125161585,0.12928322,24.427286641096313,0.095592946,7.1937748508307235,0.14655015,20.052625862739475,0.17102176,-43.731594850314394,0.124899134,0.09423587,0.19939418,0.17179678,0.025133679,0.21862441,-0.044246517,0.16675234,0.44938305,0.2942925,-0.06167417,17.7707,19.76046,16.4412,0.0015319967061922582,0.07397273487636613,0.011849964772263775,,,1.0870405,0.3876212,31,3.3192596,1.3295002,14.492,13.861,13.469,0.041,0.058,0.041,20.2307,0.0417,18.8274,0.0052,17.0496,0.0046,16.201,0.0033,15.7803,0.0064,,,,,,,,,,,,,,,,,3094.3918,4.9769,0.0588,0.99,0.5905,0.9477,0.5211,0.4267,0.2746,MARCS,0.0
65179946945247488,true,true,true,166.48667896543589,-24.340118723306077,56.087034239879095,0.04115441,23.56092855087351,0.027397683,7.372910720374971,0.042416297,19.28602141734942,0.062154878,-46.30352599636022,0.03651717,-0.1373575,-0.01011188,-0.1795123,-0.115793586,-0.07719041,-0.14076833,-0.1442588,0.32935596,0.13719171,0.01936511,15.793812,17.310444,14.586884,0.0010939520280533108,0.014243821472274676,0.0026625619485254144,,,1.0418881,0.0,31,2.7235603,1.2069283,12.901,12.249,11.99,0.021,0.021,0.019,17.6851,0.005,16.4231,0.0033,15.0846,0.0035,14.4712,0.0041,14.1657,0.0055,,,,,,,,,,,,,,,,,3394.1084,4.5184,-0.5959,1.0164,0.6561,0.972,0.5556,0.4166,0.4647,MARCS,0.0
67331381964358656,true,true,true,166.44977487989541,-21.112784893436885,58.459514586095786,0.02069784,25.96445261928499,0.010065428,6.297113655022864,0.02022071,17.061863279019384,0.025341587,-39.10305214608845,0.013241303,0.026170537,-0.029933963,-0.07964557,-0.3874096,-3.025847E-4,-0.12358543,0.046635624,0.5842357,0.2786345,-0.22194129,10.882879,11.258994,10.334896,5.270464627339571E-4,0.0013898008583058466,0.001256636591631066,6.83763,0.5045657,1.199993,0.09861218,31,0.924098,0.54798317,9.682,9.371,9.299,0.023,0.026,0.02,11.354,,10.92,,10.734,,10.642,,10.612,,,,,,,,,,,,,,,,,,5805.157,4.3755,-0.1748,0.3394,0.283,0.3556,0.2034,0.1522,1.0099,MARCS,0.0
65772789871345024,true,true,true,168.72201714440962,-21.952871611118226,59.50825675474172,0.08397693,23.898337035153258,0.04828393,7.487762389712789,0.09014466,18.995087333339008,0.11329764,-47.26774623211701,0.061055638,-0.024639968,0.07212018,-0.06302819,-0.26097438,0.112950325,0.120786615,0.07953419,0.56024647,0.28778687,-0.05992346,17.190685,19.097763,15.879832,0.0010639442277429047,0.03414182295211702,0.0032798687536182355,,,1.0579605,0.16347666,31,3.2179308,1.310853,13.931,13.333,13.073,0.024,0.036,0.028,19.4651,0.011,18.1698,0.0064,16.4653,0.0029,15.6629,0.0034,15.2733,0.0026,,,,,,,,,,,,,,,,,3185.315,4.9315,0.0875,1.0984,0.6671,1.0522,0.5831,0.4692,0.3239,MARCS,0.0
69934334006064768,true,true,true,164.956438755131,-22.822208874473137,56.04490060536961,0.05395691,25.62714909234563,0.03841894,7.319788244552368,0.061828904,19.59944125744274,0.067440666,-46.148501667040016,0.04506372,0.09351035,-0.006148361,0.18049592,-0.18622641,-0.039565917,-0.3675302,-0.08816443,0.21728943,0.21698873,-0.064508215,16.46216,18.23241,15.191135,8.938889530324037E-4,0.008418469760314327,0.002070001398650003,,,1.0376313,0.0,31,3.041275,1.2710247,13.344,12.711,12.473,0.026,0.028,0.026,18.5916,0.0038,17.3245,0.0026,15.7319,0.0035,15.0155,0.0023,14.6449,0.0032,,,,,,,,,,,,,,,,,3313.686,4.8094,0.0528,1.2321,0.7674,1.1803,0.6619,0.5182,0.4115,MARCS,0.0
69409424578948608,true,true,true,163.3456217242673,-23.985616647056514,53.959615743325756,0.043603253,25.705589938566387,0.028779792,7.363656223642926,0.04973439,21.81493534990031,0.052530143,-46.01428877911761,0.037720334,0.08499863,0.058246136,0.41520852,-0.099567354,0.13376068,-0.07076758,0.11059877,0.19283883,0.2694405,0.008439444,15.8458605,17.43449,14.623628,0.0012806498870159332,0.012239529286159326,0.003021782569826764,,,1.0260402,0.069151305,31,2.8108625,1.2222328,12.887,12.273,11.99,0.021,0.027,0.022,17.751,0.0125,16.559,0.0068,15.1385,0.0025,14.4578,0.003,14.1551,0.0041,,,,,,,,,,,,,,,,,3320.4766,4.4199,-0.6277,0.9668,0.6161,0.9264,0.525,0.4015,0.4789,MARCS,0.0
64114245300877184,true,true,true,168.09264896727592,-24.288232977186635,57.29700152037766,0.027034994,22.609258005731753,0.017661178,7.455976057919426,0.029010396,21.057238451322103,0.036593974,-47.309507094315066,0.02336674,0.068853706,0.14621374,0.12007214,-0.23179592,0.0646913,-7.079092E-4,0.03661693,0.38595596,0.19891527,-0.07232874,7.7059603,7.7801414,7.545788,3.517492137482368E-4,0.0010837706005243078,6.636127020485933E-4,5.3180704,0.49237174,1.1223998,0.20151971,31,0.23435354,0.16017246,7.312,7.267,7.239,0.027,0.031,0.024,7.741,,7.8,,7.888,,7.94,,8.005,,,,,,,,,,,,,,,,,,9863.471,4.3445,0.0558,0.5119,0.4848,0.5724,0.3143,0.258,1.6331,A,0.0
64857721317916032,true,true,true,167.18158849965224,-24.490245090192598,56.48745217516747,0.06625683,23.024581569648877,0.05006829,7.389054111887702,0.083187446,20.838575638732898,0.087808765,-46.31017377392607,0.060053848,-0.0037687316,0.037754208,0.13719401,-0.08281608,0.015979195,-0.43099087,-0.10278508,0.3430334,0.2955682,-0.21398889,16.504587,18.25048,15.237978,9.998747684574329E-4,0.018365113333738893,0.003251393550080161,,,1.125552,0.26112974,31,3.0125027,1.2666092,13.437,12.852,12.579,0.023,0.024,0.023,18.6382,0.0116,17.3499,0.0067,15.7902,0.0026,15.0646,0.0039,14.7249,0.0028,,,,,,,,,,,,,,,,,3316.8528,4.8682,0.0603,1.1271,0.7039,1.0804,0.6063,0.474,0.3847,MARCS,0.0
69754155834196224,true,true,true,161.9664372148495,-23.986166646636935,52.87334941297876,0.07319004,26.503282529542727,0.05042237,6.933387873677173,0.07633073,19.38205824704445,0.09256479,-44.43191457788266,0.06457597,0.14351234,0.032556124,-0.14866762,-0.3528896,0.25110373,-0.12879212,0.24685515,0.29932004,0.35224587,-0.035516486,16.682032,18.36205,15.431042,8.88762448877357E-4,0.02944919328295972,0.003257124007724322,,,0.99995804,0.0759984,31,2.9310074,1.2509899,13.613,13.018,12.758,0.025,0.027,0.024,18.7594,0.0061,17.5029,0.0035,15.9683,0.0026,15.2643,0.0029,14.92,0.002,,,,,,,,,,,,,,,,,3316.607,4.8514,-0.0413,1.0773,0.6761,1.031,0.5811,0.4499,0.377,MARCS,0.0
65213172812266240,true,true,true,166.63342894369154,-23.588160726883082,56.74722551551796,0.056124754,24.02839263224941,0.043980114,7.1077553498191515,0.06474641,19.231314049232395,0.075657845,-43.90906851628049,0.057895012,0.22835037,0.3043907,0.21937883,0.003993485,0.20596305,-0.055429064,0.1490809,0.4257044,0.28793207,-0.0108948685,16.13903,17.94389,14.856176,0.001253831058725035,0.015722886766373078,0.003463565635085944,,,1.1177913,0.1456537,31,3.0877132,1.2828541,12.988,12.419,12.118,0.026,0.03,0.022,18.3369,0.0214,17.0176,0.0041,15.4217,0.0034,14.6726,8.0E-4,14.3014,0.0046,,,,,,,,,,,,,,,,,3308.2004,4.4564,-0.394,1.4772,0.9221,1.4095,0.7951,0.6144,0.5268,MARCS,0.0
65147438335354624,true,true,true,165.910514596395,-24.705045091621145,55.395066430632234,0.089876786,23.637539929718397,0.0626572,7.346245651129198,0.10150507,20.699690576685796,0.11160283,-45.86647144833789,0.07535826,0.042504992,-0.008331757,0.11906036,-0.25203708,0.09500077,-0.25743103,0.017549185,0.1529445,0.32616773,-0.041043106,17.286898,19.106556,16.012018,0.0011651162954590376,0.04016474922816929,0.004994360343108815,,,0.9835673,0.0,31,3.0945377,1.2748795,14.146,13.547,13.189,0.028,0.024,0.032,19.4958,0.0161,18.2019,0.0027,16.558,0.0027,15.7954,0.0032,15.4384,0.0031,,,,,,,,,,,,,,,,,3231.66,4.9593,-0.0853,1.1723,0.7223,1.1175,0.6272,0.4903,0.2987,MARCS,0.0
65040686925109760,true,true,true,166.48909909758277,-25.15815230587745,55.49448945797651,0.039703228,22.950342697552426,0.0343344,7.485443374199612,0.04615499,21.190758956691525,0.05842444,-45.75072890563626,0.044474743,0.33892524,0.3036193,-0.053459495,0.21564727,0.19184734,-0.324693,0.25271213,0.58582413,-0.27751264,-0.24064559,15.615843,17.099405,14.424569,9.681119916209831E-4,0.006347852817635501,0.002695789016542144,15.869991,10.568378,1.141276,0.13081753,31,2.6748362,1.1912737,12.747,12.168,11.902,0.021,0.024,0.02,17.46,0.0028,16.2156,0.0041,14.9098,0.0017,14.3076,0.0059,14.018,0.0042,,,,,,,,,,,,,,,,,3429.6191,4.6345,-0.3795,0.9297,0.6025,0.8916,0.5089,0.3827,0.4753,MARCS,0.0
63296380446670080,true,true,true,168.77576206555176,-25.862050856807564,56.623961944671606,0.08593737,21.037842575014675,0.06657287,8.312872678294857,0.097146906,22.477593838405394,0.11590021,-50.68585226619818,0.08419107,0.2142229,0.20032711,0.11914879,0.0517651,0.06052212,-0.20613399,0.07852119,0.43088758,-0.08112541,-0.108849734,16.708427,18.597202,15.381301,0.001471642886282079,0.019733807930140058,0.0027690938749453334,,,1.3511438,0.49866083,31,3.2159014,1.3271265,13.461,12.805,12.55,0.024,0.024,0.024,18.93,0.0075,17.6682,0.0035,15.9557,0.0033,15.1594,0.0029,14.7597,0.0057,,,,,,,,,,,,,,,,,3241.5942,4.8557,0.1189,1.2293,0.752,1.1788,0.6546,0.5241,0.3741,MARCS,0.0
69894962042148096,true,true,true,164.99271697757254,-23.36577094359135,55.67556599462249,0.11911671,25.19670128433248,0.086121775,7.529091809216199,0.13391635,20.80471927227085,0.16649804,-47.20535047371144,0.11256663,0.17403917,0.23557517,-0.12825891,0.0021113527,-0.014375785,-0.19905858,-0.0045159687,0.34155515,-0.09502498,0.06609755,17.730902,19.824356,16.39231,0.002114229853480546,0.05080622636797529,0.00865628541121713,,,0.927768,0.0,31,3.432047,1.3385925,14.304,13.764,13.39,0.033,0.041,0.039,20.2087,0.0163,18.9367,0.0077,17.0565,0.0046,16.167,0.0047,15.7124,0.0048,,,,,,,,,,,,,,,,,3091.9434,4.9448,0.175,1.136,0.6728,1.09,0.5954,0.4944,0.3044,MARCS,0.0
69294319455655808,true,true,true,163.60211901213708,-24.232062076450987,53.98363478173581,0.029438378,25.366356644857383,0.023954118,7.3592640392044775,0.03377259,22.337696331366647,0.036146525,-45.527383228337285,0.030206645,0.25713152,0.17650342,0.28307194,0.014723392,0.23345765,-0.16066481,0.18344095,0.3932587,0.21527193,0.07252247,15.154167,16.507885,14.005911,9.190617681748343E-4,0.006514708750819596,0.00279465153619081,,,1.0538728,0.0,31,2.501974,1.1482563,12.401,11.754,11.524,0.026,0.025,0.021,16.8856,0.0038,15.6607,0.002,14.4957,0.0025,13.9269,0.001,13.6596,0.0037,,,,,,,,,,,,,,,,,3473.2168,4.4491,-0.656,0.7835,0.5171,0.7516,0.4326,0.319,0.5381,MARCS,0.0
68097020012324352,true,true,true,163.97712469485134,-25.27979532675244,53.53056707846046,0.016653711,24.344244949131976,0.014331658,7.368017028297914,0.018027972,21.590979151615052,0.027697675,-45.057868171096345,0.0190593,0.002264836,0.2122169,-0.06546449,0.26749906,0.1298796,-0.16887291,0.09559351,0.5544776,-0.18962467,0.007507122,9.433693,9.692336,9.011402,2.3777932469686014E-4,7.107778489010549E-4,5.590894989277336E-4,5.2959404,0.59679145,1.052103,0.08359507,31,0.68093395,0.4222908,8.553,8.312,8.274,0.034,0.021,0.018,10.1527,0.0351,8.1002,0.001,,,9.5454,0.0161,10.8015,0.0978,,,,,,,,,,,,,,,,,6268.8936,4.2445,-0.3362,0.0874,0.0755,0.0935,0.0527,0.0408,1.322,MARCS,0.0
64963377514329984,true,true,true,167.19641704321015,-24.022899326727213,56.84184912038183,0.06243079,23.359958000577215,0.045826685,7.456198708615304,0.06880964,21.312007944847327,0.081965916,-44.50127002300362,0.058664735,0.3140929,0.25774634,0.0330349,-0.21668017,0.09675739,-0.22524782,0.11341174,0.36789998,0.058494397,-0.1078168,16.68825,18.459522,15.405938,0.0013820230469736646,0.018463627515918013,0.004460272845595291,,,0.9374413,0.0,31,3.053584,1.2823114,13.546,12.974,12.734,0.024,0.027,0.028,18.8525,0.0158,17.5964,0.0067,15.9987,0.0026,15.2198,0.0024,14.8411,0.0015,,,,,,,,,,,,,,,,,3259.4565,4.892,0.0982,0.9733,0.6019,0.9359,0.5208,0.415,0.3627,MARCS,0.0
69162201965316096,true,true,true,162.29526611185904,-25.209237594161987,52.28208012849836,0.11276495,25.361982007729676,0.081947446,7.163389351963591,0.13348249,21.32648301644556,0.15308006,-43.531332280570886,0.106620245,-0.0024753485,0.01272484,0.30955818,0.014886568,0.093545645,-0.12979564,-0.008283042,0.22696777,0.387361,0.06901578,17.73708,19.549065,16.403906,0.0014936796211759988,0.06693401358095684,0.006673595108695043,,,0.94995767,0.0,31,3.1451588,1.3331738,14.39,13.781,13.438,0.026,0.036,0.032,20.1066,0.016,18.7903,0.01,17.005,0.0039,16.1648,0.0082,15.761,0.0044,,,,,,,,,,,,,,,,,3137.1467,4.9678,0.0355,1.1131,0.6697,1.063,0.5886,0.4745,0.2869,MARCS,0.0
66808220587759104,true,true,true,166.0053513988383,-23.124950745013333,56.619370547231206,0.027429704,24.758790465145772,0.020696433,7.300009059416653,0.030375024,20.486566587041196,0.035791375,-46.516538720071175,0.027392542,0.07139007,0.12988177,0.11994122,-0.06004955,0.08533326,-0.17310317,0.07816135,0.31565428,-0.046291217,-0.061703227,13.698108,14.605712,12.758081,9.98854342431822E-4,0.003882392143138405,0.0023157833838057954,3.4574795,5.1842694,1.0965658,0.18990918,95,1.8476305,0.9400263,11.491,10.806,10.659,0.02,0.017,0.02,14.938,0.0043,13.8421,0.0025,13.241,,12.906,,12.669,0.0034,,,,,,,,,,,,,,,,,,,,,,,,,,,0.0
66717987616472704,true,true,true,166.63979160024107,-23.271161120457446,56.986050095884856,0.115829185,24.258670981441913,0.0717442,7.4346115300961575,0.12178454,20.50994817693033,0.16383578,-44.71688224010662,0.0925519,0.050352745,0.1637034,-0.269055,-0.28288406,0.0040660505,-0.18631697,-0.06768266,0.3304864,0.15609084,-0.021050382,17.494467,19.410238,16.170437,0.0015956274470993836,0.07892793545837064,0.006229542756328593,,,1.0295058,0.11130106,31,3.2398014,1.3240299,14.231,13.628,13.343,0.029,0.035,0.038,19.8592,0.0191,18.5493,0.0096,16.7713,0.0042,15.9336,0.0022,15.5206,0.0031,,,,,,,,,,,,,,,,,3165.55,4.9224,0.1442,1.1364,0.6852,1.0903,0.6009,0.4893,0.3309,MARCS,0.0
65289004754691200,true,true,true,165.92988013854787,-23.907580303548354,55.98874523518619,0.050339285,24.22217609900833,0.038118795,7.511405170900618,0.05730281,20.996867317412804,0.060567006,-44.783064841288336,0.046109017,0.20534913,0.10508823,0.2706567,-0.11154546,0.10225457,-0.2535207,0.13282394,0.38614297,0.097129814,-0.13597544,16.33304,18.051172,15.071658,0.0010764652306557464,0.015218612574378718,0.002343032342722296,,,1.0448743,0.12396051,31,2.9795141,1.2613821,13.233,12.607,12.348,0.027,0.036,0.022,18.3926,0.0209,17.1717,0.0054,15.6207,0.0034,14.8821,0.0021,14.5343,0.0021,,,,,,,,,,,,,,,,,3317.6614,4.8452,0.1214,1.0426,0.6501,1.0035,0.56,0.4436,0.4013,MARCS,0.0
66878245735176704,true,true,true,166.52248092176305,-22.29424372420404,57.62492811642301,0.040740594,25.05172731020767,0.019614577,6.936834522963423,0.039600275,18.71670636605301,0.05510507,-44.11610857624101,0.025922276,-0.14478448,-0.042999454,-0.084654324,-0.3058283,-0.047467045,-0.07787797,-0.11299604,0.566171,0.33645907,-0.18590783,15.398036,16.79538,14.236216,6.540996956130818E-4,0.004294322425279195,0.0014662111487042944,11.173585,6.3817797,1.0809911,0.08323242,31,2.559164,1.1618204,12.638,12.016,11.762,0.023,0.024,0.022,17.2015,0.0042,15.8949,0.0061,14.7071,0.0054,14.1461,0.0015,13.8776,0.0046,,,,,,,,,,,,,,,,,3501.6494,4.5619,-0.5127,0.9425,0.6206,0.9028,0.5201,0.3827,0.5225,MARCS,0.0
65431185353051776,true,true,true,168.84880416559804,-23.09846792701585,58.730663342751875,0.1144961,22.994346711636823,0.07459082,7.285566950670416,0.13655199,19.488260720361005,0.16374435,-44.632172405991696,0.09473267,0.043791115,0.14108574,0.09148884,-0.043653227,0.058576014,-0.21554717,-0.03267056,0.58258504,0.32450545,-0.22598489,17.55644,19.602215,16.25463,0.0014005409887639297,0.06431931391550043,0.007274024330965062,,,1.0196499,0.50219166,95,3.3475857,1.3018112,14.235,13.617,13.275,0.027,0.028,0.034,19.9509,0.0104,18.6126,0.005,16.8523,0.0032,16.011,0.0029,15.6115,0.0037,,,,,,,,,,,,,,,,,3206.1465,4.9448,0.0122,1.5683,0.9508,1.4882,0.8332,0.6548,0.3125,MARCS,0.0
70077270518065920,true,true,true,164.99620774768005,-21.784188893019945,56.84147827794629,0.056978017,26.379668527819774,0.041288756,7.535994762888507,0.06226473,20.679228201590327,0.074692756,-46.724756753276054,0.0537753,0.22330385,0.1061903,0.24873893,-0.1750877,0.058651507,-0.19859163,0.080361344,0.2913233,0.042432025,-0.0029735558,16.477106,18.169495,15.22555,0.001398806696588339,0.012762385198749447,0.0044195176197169535,,,1.0492511,0.13200177,31,2.943945,1.2515564,13.474,12.889,12.562,0.025,0.022,0.026,18.5543,0.0094,17.2738,0.0038,15.7939,0.0021,15.0704,0.0031,14.7304,0.0033,,,,,,,,,,,,,,,,,3282.3691,4.6825,-0.4401,1.0335,0.6499,0.9883,0.558,0.4304,0.3656,MARCS,0.0
69400010010608768,true,true,true,163.6293323697256,-23.74664550440577,54.35069069014938,0.024348201,25.72212307884839,0.017540397,7.520010336377549,0.025618864,21.76066343425471,0.032506853,-46.73333001453739,0.02275186,0.058593474,0.15226823,-0.021372892,-0.23181166,0.30686474,-0.0766939,0.23912364,0.3726522,0.23705503,-0.054853227,14.538095,15.720887,13.460749,0.001123952119077884,0.005154022661036913,0.0026866941425389788,-13.772385,9.591617,1.0996279,0.0,31,2.2601385,1.0773468,11.993,11.291,11.082,0.024,0.022,0.02,16.1185,0.0016,14.8469,0.0088,13.9464,0.0152,13.48,0.0088,13.215,0.0028,,,,,,,,,,,,,,,,,3632.6382,4.4752,-0.7185,0.7059,0.4806,0.6769,0.396,0.281,0.5956,MARCS,0.0
70347033119553408,true,true,true,164.25009141257306,-21.71390763806077,56.31261774424387,0.025055092,26.89125150391469,0.016976837,6.553150855484303,0.025895806,17.59725004139399,0.0336455,-39.8454911744065,0.022145338,-0.17894106,0.0050680237,0.016325668,-0.30423832,0.14285298,-0.24298637,0.028465224,0.12617074,0.11064326,0.058969162,8.549268,8.670103,8.313556,4.008825940958953E-4,0.001089709155791109,6.360593035933305E-4,2.0907645,0.6766643,1.251152,0.16162398,31,0.35654736,0.23571205,8.107,7.969,7.918,0.034,0.082,0.021,8.647,,8.654,,8.711,,8.737,,8.77,,,,,,,,,,,,,,,,,,7586.736,4.0654,-1.286,0.072,0.0656,0.0791,0.0439,0.0352,1.5944,MARCS,0.0
66546742979468416,true,true,true,167.2477244352492,-22.614285417717873,57.92638266259304,0.06286317,24.361311807427377,0.03668288,7.336717461362355,0.06703637,19.79467123420374,0.07647202,-44.488169793929515,0.04783228,-0.065461755,-0.037024908,0.30914605,0.034032654,-0.075721845,-0.091513336,-0.043871712,0.61595976,0.26323718,-0.193401,16.63125,18.308577,15.389677,8.168207764584736E-4,0.01565872116647235,0.002021606735393793,,,0.99140495,0.0,31,2.9188995,1.2415733,13.62,13.03,12.73,0.026,0.025,0.031,18.6624,0.0074,17.3918,0.0042,15.9253,0.0058,15.2304,0.0034,14.9001,0.0017,,,,,,,,,,,,,,,,,3332.478,4.9061,-0.1199,1.0349,0.6537,0.9896,0.56,0.4296,0.3466,MARCS,0.0
69573251811510912,true,true,true,162.63191275154838,-24.250554215655132,53.21412091084307,0.087255925,25.915627009848595,0.07127264,6.963288198620565,0.10076925,20.159340048802424,0.10460097,-42.56487596534092,0.08853601,0.17340729,0.09786363,0.30463675,-0.020404441,0.19750074,-0.23165421,0.1582731,0.3849672,0.096158996,0.04293165,17.18513,19.065592,15.896445,0.0013840814931626482,0.0313165736284479,0.00415797506476039,,,1.0072017,0.13747752,31,3.1691465,1.2886839,13.965,13.292,13.057,0.023,0.03,0.03,19.4305,0.0169,18.1371,0.0082,16.4676,0.0033,15.6796,0.0037,15.3044,0.004,,,,,,,,,,,,,,,,,3251.8625,4.9145,0.0448,1.2729,0.7828,1.2157,0.6802,0.5352,0.3435,MARCS,0.0
65107860213588096,true,true,true,166.02883874143097,-24.947535919905235,55.30763642249146,0.015904386,23.384742153238573,0.010398989,7.224446903964589,0.017731464,19.485467093679205,0.018704949,-44.451635700060436,0.012439563,0.18573448,0.032093003,0.3072694,-0.28863046,-0.0058187996,-0.27173182,-0.03412992,0.13901971,0.20638755,0.0039471495,13.492777,14.324309,12.597651,6.939427837317494E-4,0.00251369530435701,0.0018122666720895811,9.24176,3.2383611,1.0215166,0.0,31,1.7266588,0.89512634,11.451,10.787,10.631,0.02,0.021,0.018,14.6784,0.0073,13.5441,0.0,13.116,,12.814,,12.5958,0.0064,,,,,,,,,,,,,,,,,,,,,,,,,,,0.0
65175480179315840,true,true,true,166.64129787867282,-24.11659881922367,56.36469576574965,0.086822845,23.632340550413826,0.06514982,7.566883576477941,0.09540024,20.970122285631863,0.11163846,-45.66117693144511,0.08091703,0.14349665,0.14449196,0.11289236,-0.061444815,0.041405305,-0.11434376,0.059270598,0.24706025,-0.14242277,-0.07579453,17.297462,19.097338,16.003448,0.0013543756431917073,0.050802397479457265,0.00558064807983879,,,1.0161119,0.14540544,31,3.0938892,1.294014,14.163,13.531,13.269,0.026,0.027,0.034,19.5045,0.0138,18.1943,0.0097,16.5881,0.0026,15.8138,0.0051,15.4377,0.0062,,,,,,,,,,,,,,,,,3220.1238,4.9675,-0.0961,1.1283,0.6943,1.0759,0.6033,0.4727,0.29,MARCS,0.0
66798977817468288,true,true,true,165.95671232334476,-23.454557983736233,56.34039171856011,0.07025375,24.54350590311485,0.042951923,7.342700786360437,0.07262516,19.75073677504067,0.10722329,-44.3592580791877,0.058724593,-0.121306375,-0.02707022,-0.32205793,-0.038620804,-0.24871813,-0.039514773,-0.26558945,0.41525772,0.004021013,0.2056063,16.209143,17.774271,14.975864,0.001619028659266241,0.015131086128394058,0.004452248165815498,,,1.0740938,0.16295864,31,2.7984066,1.2332783,13.279,12.621,12.36,0.027,0.03,0.02,18.2775,0.0105,16.971,0.0188,15.5314,0.0017,14.8386,0.0048,14.5093,0.0033,,,,,,,,,,,,,,,,,3354.1082,4.7244,-0.2852,1.0683,0.6786,1.0226,0.5794,0.4431,0.4118,MARCS,0.0
65216643145862144,true,true,true,166.53795687020232,-23.803415685946486,56.51799855172368,0.040698152,23.927842380057047,0.03315895,7.012785824941394,0.052610826,18.57884758828444,0.051190708,-43.37462125979527,0.038293865,0.1464548,0.0634425,0.20219609,-0.0987552,-0.02732248,-0.4819023,-0.043678235,0.3697883,0.16187418,-0.287328,15.73245,17.236677,14.520493,9.722246310288977E-4,0.021161121696022772,0.0030318343740809387,3.3456526,7.4163747,1.1348923,0.16750652,31,2.7161846,1.211957,12.754,12.112,11.832,0.026,0.03,0.021,17.6739,0.0117,16.3498,0.0049,15.0135,0.0017,14.4065,0.0066,14.0808,0.0033,,,,,,,,,,,,,,,,,3469.2417,4.5775,-0.44,1.3153,0.8516,1.2543,0.7206,0.5337,0.5179,MARCS,0.0
63327682168301952,true,true,true,168.8601631065388,-25.59448439015386,56.879793937715746,0.06646089,21.18071408449666,0.05321537,7.907977523120273,0.071462154,20.201596848501353,0.083597824,-48.22956223295642,0.06805125,0.2896476,0.2856079,0.25272915,-0.13880587,0.19019784,-0.07232397,0.2025321,0.314934,0.069225125,-0.06955855,16.878279,18.68642,15.578696,0.0016476853790540725,0.046360527492222824,0.004066048598983486,,,0.9688982,0.0,31,3.1077242,1.2995825,13.702,13.147,12.82,0.021,0.027,0.026,19.0174,0.0129,17.8003,0.0056,16.1569,0.0021,15.3735,0.004,14.9949,0.0048,,,,,,,,,,,,,,,,,3225.9875,4.9234,0.0566,1.0271,0.6314,0.9843,0.5484,0.4359,0.3343,MARCS,0.0
69906713072633856,true,true,true,164.99859887692466,-22.968564626247595,55.970030289721734,0.052177463,25.491626639175383,0.03804364,7.232947154619978,0.06266377,20.38386716875307,0.06609456,-45.44393680977453,0.044606123,0.070479535,-0.027392246,0.26128608,-0.08368847,-0.027119093,-0.38032475,-0.11727395,0.23994042,0.30001742,-0.06834813,16.485218,18.16071,15.242576,0.0010070122452321094,0.012248435574346125,0.002905338450287776,,,1.0233552,0.0,31,2.9181337,1.2426424,13.44,12.872,12.599,0.024,0.032,0.024,18.5441,0.0114,17.2792,0.0044,15.769,0.0051,15.0923,0.0023,14.7492,0.0034,,,,,,,,,,,,,,,,,3355.7622,4.8625,-0.0602,1.1624,0.7344,1.1108,0.6292,0.4816,0.3822,MARCS,0.0
71078483230315520,true,true,true,163.69517226264253,-22.295127313449346,55.45026051976445,0.034516126,26.78898039284342,0.025040714,7.0688004637267365,0.039914027,19.9940766390579,0.04138838,-42.88747302013654,0.030969795,0.20395568,0.1597245,0.34740174,-0.069535136,0.025664968,-0.16286834,-0.03954648,0.26100147,0.21025993,0.04792017,15.581441,17.024462,14.404604,9.72646607213529E-4,0.0072863700375547565,0.002778629801617386,,,1.0192645,0.0,31,2.6198578,1.176837,12.797,12.134,11.901,0.024,0.03,0.019,17.41,0.006,16.1538,0.0037,14.8953,0.002,14.2927,0.0033,14.0264,0.0022,,,,,,,,,,,,,,,,,3456.7324,4.622,-0.4145,0.8732,0.5702,0.838,0.4797,0.3584,0.4871,MARCS,0.0
67799189799869312,true,true,true,164.72419137308012,-25.776649528678345,53.74453624196074,0.020966722,23.529954931526188,0.014967335,7.09486561955451,0.023244549,20.569161817903474,0.028796319,-43.26375824955264,0.020399889,0.02434851,0.07817538,0.115779206,-0.2858119,0.07975861,-0.11144201,0.07446674,0.1674311,0.20123975,-0.21509424,8.786226,8.964191,8.465299,2.6857150338818075E-4,3.9883562590482753E-4,4.816920082801388E-4,5.745808,0.5283467,1.1534898,0.1362459,31,0.49889278,0.32092762,8.11,8.02,7.957,0.024,0.015,0.023,8.831,,8.802,,8.836,,8.85,,8.857,,,,,,,,,,,,,,,,,,6817.544,4.1385,-0.5176,0.0197,0.0175,0.0214,0.012,0.0094,1.5308,A,0.0
64988803720689408,true,true,true,167.26022906888454,-23.75583908210661,57.085813664095504,0.13511454,23.51687667697139,0.10344509,7.206584546538967,0.15694188,19.379611669304243,0.17754592,-44.93597341377126,0.13510184,0.39627632,0.26006734,0.2714116,-0.054630246,0.10763743,-0.13894433,0.10128261,0.377548,0.18378021,0.0030523667,17.757591,19.74599,16.419292,0.0019720184341285633,0.04893181380942212,0.006806971189413646,,,1.0376607,0.62930596,95,3.3266983,1.3382988,14.431,13.816,13.533,0.028,0.034,0.04,20.2682,0.0506,18.8634,0.0066,17.0418,0.0069,16.1949,0.0037,15.7789,0.0037,,,,,,,,,,,,,,,,,3129.1829,4.9641,0.0622,1.1183,0.6709,1.069,0.5904,0.4787,0.2902,MARCS,0.0
69707907626540928,true,true,true,162.6589386370976,-23.406303718183416,53.832130282791454,0.061405685,26.552864180213096,0.045641035,6.3393513311283165,0.0703427,17.876332982787748,0.069848634,-38.29383782232079,0.06096553,0.4019389,0.22020023,0.5210684,0.048965413,0.19933291,-0.06540769,0.20935366,0.47829503,0.10996959,0.111325145,16.477827,18.121414,15.23525,0.0011646227395218714,0.013975448092782514,0.004785144122513167,,,0.96799195,0.0,31,2.8861637,1.2425766,13.444,12.825,12.597,0.024,0.024,0.02,18.5121,0.0158,17.2715,0.0049,15.7959,0.0019,15.0809,0.0035,14.7371,0.0039,,,,,,,,,,,,,,,,,3317.6104,4.5838,-0.2588,0.9913,0.6257,0.9511,0.5358,0.4156,0.4766,MARCS,0.0
65168844452782208,true,true,true,166.65495769034078,-24.19349328762633,56.318456582513555,0.12336002,23.566974495922615,0.0871094,7.089320664949418,0.13253304,19.654261864324322,0.16745098,-44.79677199809907,0.104911745,0.04889071,0.09134291,0.0054163695,-0.10287932,-0.06908332,-0.077924,-0.083299026,0.2937797,-0.18272828,-0.07551059,17.820105,19.85855,16.485216,0.0018650898421721097,0.07649410817496578,0.009040237784434397,,,0.9112794,0.0,31,3.373333,1.3348885,14.436,13.842,13.479,0.03,0.03,0.031,20.2892,0.0214,18.9573,0.0106,17.0948,0.0043,16.2548,0.0038,15.8228,0.0039,,,,,,,,,,,,,,,,,3129.774,4.9649,0.0523,1.2171,0.7291,1.1615,0.6422,0.5192,0.2885,MARCS,0.0
66942910762588928,true,true,true,165.97768914501765,-22.49493921920581,57.06457646223445,0.07514718,25.243313086602914,0.0532931,6.855480925324777,0.080561504,19.155874667958145,0.10532243,-42.056806547832466,0.06832946,0.09857078,0.15511054,0.054621015,-0.11105516,0.079312414,-0.10396439,0.052478794,0.49787378,0.02646932,-0.13794407,17.047014,18.806553,15.772173,0.0012127594336476806,0.024913186664837942,0.006197727963293685,,,0.9985963,0.0,31,3.03438,1.2748413,13.964,13.349,12.987,0.024,0.023,0.026,19.2162,0.0119,17.9072,0.0036,16.3205,0.0033,15.5918,0.0035,15.2394,0.003,,,,,,,,,,,,,,,,,3279.716,4.92,-0.0262,1.1542,0.7179,1.102,0.6202,0.4818,0.3387,MARCS,0.0
65167577439502592,true,true,true,166.57732736513591,-24.34380435742201,56.15126273681793,0.03589334,23.502902827384098,0.024223158,7.196435385252507,0.036829636,19.261618283223093,0.054714415,-44.18167451157026,0.033114728,-0.088053554,-0.021240117,-0.12486678,-0.10664504,-0.034359742,-0.10850629,-0.076287486,0.41596553,0.07726281,-0.047784086,15.381319,16.831255,14.212311,0.0016781371086586653,0.009955931730277597,0.0043400977923454724,,,1.0963196,0.09038406,31,2.6189442,1.1690083,12.582,11.911,11.675,0.022,0.022,0.023,17.2292,0.0054,15.9326,0.0083,14.6901,0.0069,14.1183,0.0016,13.8209,3.0E-4,,,,,,,,,,,,,,,,,3503.8723,4.5835,-0.4401,1.0509,0.6893,1.0056,0.579,0.4267,0.5292,MARCS,0.0
63717665199974016,true,true,true,168.86460866001852,-24.969638196695765,57.343901720159984,0.06399981,21.632098141735444,0.041223418,7.557019272421872,0.0676869,20.408068946671825,0.084389806,-46.356015875885454,0.05279446,0.02694764,0.043211255,-0.0041140253,-0.107274726,0.015096134,-0.043678455,-0.001916115,0.41357234,0.18686359,0.009844997,16.790188,18.674965,15.482706,9.952989984727682E-4,0.024653469131238292,0.0031678760375919344,,,0.98182935,0.11058845,31,3.1922588,1.3074818,13.542,12.982,12.658,0.023,0.024,0.028,19.0663,0.0119,17.7852,0.004,16.0728,0.0022,15.2629,0.0039,14.8683,0.0046,,,,,,,,,,,,,,,,,3239.76,4.8781,0.1625,1.1763,0.7188,1.1304,0.6258,0.5046,0.3714,MARCS,0.0
68381793524163968,true,true,true,165.03076779522414,-23.762809344677677,55.41607227662017,0.10575099,24.874865531724303,0.08100873,7.4843194075496635,0.12350938,21.256245694455195,0.15015396,-46.41398930723031,0.10350257,0.1952857,0.20740597,0.16314754,-0.119239345,0.14814699,-0.16377893,0.0904344,0.3323098,0.27955052,-0.09217519,17.43678,19.421736,16.145945,0.0017490455306681798,0.04395799295996139,0.004934190409155932,,,0.89564085,0.279332,95,3.2757912,1.2908363,14.242,13.646,13.317,0.03,0.035,0.033,19.7294,0.016,18.4288,0.0043,16.7151,0.0074,15.9334,0.0022,15.5585,0.0074,,,,,,,,,,,,,,,,,3185.4023,4.9708,-0.0459,1.1014,0.672,1.0508,0.5864,0.4643,0.2863,MARCS,0.0
68530124514310912,true,true,true,163.78386101004597,-24.46705316203215,53.9570648191768,0.034298886,25.07989856329464,0.028513495,7.2668215879594475,0.038257394,21.318989088718318,0.043955263,-43.71251564628141,0.034840755,0.18707438,0.22583503,0.08125256,0.09271553,0.09429441,-0.09564026,0.05923923,0.41769034,0.032768674,0.14221494,15.321436,16.68231,14.169616,6.796858582490963E-4,0.006607488317297024,0.0013603503077690951,,,1.1349444,0.12950912,31,2.5126944,1.1518202,12.603,11.947,11.691,0.021,0.022,0.023,17.0598,0.0036,15.8388,0.0104,14.6383,0.0026,14.0906,0.001,13.837,0.0028,,,,,,,,,,,,,,,,,3563.0327,4.7618,0.0269,0.8144,0.5375,0.7835,0.4496,0.3339,0.4886,MARCS,0.0
68250264445159936,true,true,true,164.92288237525443,-24.520086009261483,54.788131417357974,0.018120235,24.367623103320557,0.013590578,7.0063925828546205,0.019416835,18.924603160422812,0.022977676,-40.7879756704596,0.017586209,0.3160581,0.15201841,0.113540284,-0.25697052,0.04359124,-0.16541839,0.11841998,0.28115,0.091048755,-0.10909108,9.708421,9.997422,9.249148,3.0983702340421274E-4,6.718400032735074E-4,5.425816047561215E-4,5.9624424,0.87642217,1.3008121,0.11490401,31,0.74827385,0.45927238,8.728,8.54,8.434,0.024,0.063,0.024,10.001,,9.717,,9.619,,9.588,,9.585,,,,,,,,,,,,,,,,,,6126.869,4.2376,-0.3893,0.1733,0.1481,0.1844,0.1043,0.0801,1.3293,MARCS,0.0
64962174923490304,true,true,true,167.2674985023325,-24.036048215234572,56.88419556070246,0.05857397,23.30633191106529,0.04319965,7.339722266111578,0.06421835,20.729001925708243,0.072896786,-45.43158657295105,0.054036416,0.35503668,0.30511653,0.07267953,-0.13822095,0.16124406,-0.09886011,0.17147633,0.4151976,0.1361817,-0.014124682,16.41158,18.062555,15.171372,0.001043429347682289,0.024901451949892302,0.004355650100172838,,,1.0396391,0.0,31,2.891183,1.2402067,13.406,12.804,12.563,0.023,0.026,0.026,18.4069,0.0101,17.1541,0.0038,15.6987,0.0039,15.0102,0.0049,14.6788,0.0038,,,,,,,,,,,,,,,,,3337.8042,4.8722,-0.0501,0.943,0.5966,0.9039,0.5105,0.3934,0.3745,MARCS,0.0
69704643451409792,true,true,true,162.68449035596072,-23.62350699870268,53.69813615825178,0.059119042,26.37028051116934,0.04827918,7.378745244155373,0.064955086,20.758934856325293,0.08391572,-45.31068495132085,0.06712412,0.21969979,0.2399463,0.18574472,0.07811718,0.115444966,-0.028088884,0.102738686,0.337965,-0.06913922,0.053811263,16.654419,18.35738,15.405487,0.001386087193988769,0.02776458586215885,0.0023034425633196476,,,1.0230062,0.046410657,31,2.9518929,1.2489319,13.615,12.949,12.733,0.024,0.027,0.027,18.6781,0.01,17.4221,0.006,15.9343,0.0024,15.2191,0.0023,14.8803,0.002,,,,,,,,,,,,,,,,,3295.9697,4.8981,-0.0668,0.9753,0.6117,0.9337,0.5258,0.408,0.3492,MARCS,0.0
65108714911246720,true,true,true,165.97845691284476,-25.26679350336917,55.04043570167992,0.062333044,23.17554600042617,0.043772794,7.430003206051548,0.06347481,19.684433890715137,0.08451513,-44.69982920331617,0.059686344,-0.2761491,-0.18659936,-0.1937157,0.24865915,-0.30501252,0.13147376,-0.29489666,0.3524955,-0.26333815,0.307646,16.459938,18.090578,15.217663,0.0012258915326489382,0.020990570262169935,0.0021397382279755594,,,0.9652924,0.0,31,2.8729153,1.2422752,13.46,12.882,12.655,0.022,0.026,0.022,18.4906,0.0148,17.2207,0.0059,15.7345,0.0038,15.0604,0.005,14.7289,0.0048,,,,,,,,,,,,,,,,,,,,,,,,,,,0.0
65211557904569856,true,true,true,166.60970093483945,-23.653174406189077,56.681723015516134,0.02871401,23.994936841909595,0.021892995,7.2862829876032436,0.034790307,20.502140434050677,0.036663756,-45.335559973427976,0.027594736,0.26737803,0.17997125,0.2592885,-0.09052345,-0.018321218,-0.2991797,-0.01235904,0.30747187,0.16018116,-0.17168818,15.067968,16.34015,13.95385,8.491622602507345E-4,0.0046643523600559044,0.0019120521448867881,-5.5990596,6.520315,1.047322,0.06660655,31,2.386301,1.1141186,12.471,11.856,11.575,0.021,0.021,0.022,16.7622,0.0035,15.4932,0.002,14.4207,0.0029,13.9037,0.0021,13.661,0.0016,,,,,,,,,,,,,,,,,3636.3413,4.7483,-0.068,0.7892,0.5295,0.7579,0.4394,0.3185,0.499,MARCS,0.0
63705433133130368,true,true,true,168.92589303646145,-25.221509563544657,57.20100053548862,0.060577344,21.41108489367433,0.041399155,7.137253476855223,0.062629685,19.169363780474185,0.08361842,-43.503989083043685,0.052926853,-0.20067556,-0.1441042,0.09903496,-0.112970166,-0.014729786,-0.2208426,-0.07778137,0.24892378,0.2511431,-0.11120044,16.604872,18.351088,15.345707,0.001441140684358113,0.01518049622919566,0.004338312855925559,,,1.0174967,0.01948849,31,3.0053806,1.2591648,13.518,12.91,12.641,0.023,0.028,0.026,18.725,0.0071,17.4673,0.004,15.9175,0.0025,15.1791,0.0019,14.82,0.0053,,,,,,,,,,,,,,,,,,,,,,,,,,,0.0
70472789763930496,true,true,true,165.03905723859313,-21.120403588132476,57.37007234654962,0.13300323,26.847497554346603,0.0852143,6.73726653593855,0.1566675,18.240874857100604,0.15541384,-41.52464164493511,0.11447172,0.18383655,0.22429247,0.27547717,-0.05217626,0.018474305,-0.18064685,0.029361853,0.52790457,0.20500076,-0.28361592,17.882076,19.938946,16.56267,0.001440776914279357,0.07660907723996635,0.005636996668463434,,,1.0179442,0.46451628,95,3.376276,1.3194065,14.595,14.056,13.704,0.036,0.047,0.04,20.312,0.0255,18.9723,0.012,17.1738,0.0062,16.328,0.0029,15.9222,0.0045,,,,,,,,,,,,,,,,,3129.097,4.9647,0.0585,1.1496,0.6892,1.0983,0.6067,0.4915,0.2895,MARCS,0.0
68475767408245632,true,true,true,164.04359401037485,-25.010481412718754,53.77120790206573,0.02358322,24.51201326258057,0.017097775,6.695409619460282,0.027370289,19.284758748373246,0.027901994,-41.032770760336504,0.02185341,0.27284238,0.19034246,0.443234,0.094849445,0.3082096,-0.028941534,0.27631223,0.4303697,0.36373022,0.09230242,14.442084,15.50671,13.415037,0.0010004184839147237,0.006075844093244813,0.002099081734041276,5.855631,5.5966496,1.048287,0.0,31,2.091673,1.0270472,12.007,11.299,11.105,0.021,0.022,0.02,15.9043,0.009,14.6344,0.0051,13.8262,0.0021,13.465,0.0064,13.2498,0.0064,,,,,,,,,,,,,,,,,3885.0488,4.6546,0.0241,0.7377,0.5133,0.7089,0.4185,0.2904,0.5964,MARCS,0.0
66642641008348416,true,true,true,167.2839152445968,-22.454313365074015,58.07318033775237,0.056638274,24.455326780874916,0.03607054,7.408523325027352,0.062360518,19.24845000057392,0.07894985,-45.38210001648304,0.04863827,0.028567586,0.09431661,0.13214472,-0.1043975,-0.026535643,-0.17829676,-0.048823204,0.5720524,0.022080505,-0.27766436,16.535604,18.235193,15.230453,8.395262278264561E-4,0.014589834722805459,0.0059614519264928004,,,1.0566463,0.10908225,31,3.0047407,1.3051519,13.363,12.738,12.468,0.032,0.037,0.024,18.6008,0.0053,17.3639,0.0039,15.8144,0.0035,15.0823,0.0019,14.7277,0.0023,,,,,,,,,,,,,,,,,3328.929,4.867,0.0637,1.111,0.6956,1.0655,0.5983,0.4671,0.3871,MARCS,0.0
69486733990130048,true,true,true,162.81334453130657,-23.802075073223154,53.67316799130213,0.1374864,26.157434577086487,0.101786695,7.280874528818413,0.14618541,21.292185398670263,0.18362238,-44.54337417738449,0.124161586,0.071983814,0.2580874,0.06725491,-0.25684932,0.17287025,0.031721637,0.078697756,0.21752739,0.2577518,0.013908341,17.628166,19.758694,16.301975,0.0021292237011197412,0.07119145947851145,0.00777745774337862,,,0.8851792,0.5487328,95,3.4567184,1.326191,14.308,13.746,13.322,0.026,0.028,0.033,20.0174,0.0131,18.74,0.0045,16.9204,0.0047,16.0786,0.0039,15.6625,0.0032,,,,,,,,,,,,,,,,,3164.9731,4.9533,0.0483,1.3532,0.8151,1.2893,0.7161,0.5731,0.3029,MARCS,0.0
66823304512166528,true,true,true,166.12029809385425,-22.850276421144713,56.908774047786046,0.06838776,24.89165534984492,0.05367749,7.395751435837692,0.07999321,21.06658388495469,0.083945476,-44.05532516247117,0.06523885,0.09671803,0.007424941,0.27003455,0.029055811,0.17949963,-0.37837985,0.12893578,0.39024422,0.18658437,-0.13111593,13.674303,14.561905,12.73635,0.0014547813614117632,0.005532840228528348,0.0036230025953330083,4.3078628,5.4931464,6.221586,0.57835084,31,1.8255548,0.937953,11.471,10.78,10.602,0.02,0.015,0.02,14.9901,0.0041,14.042,0.0066,13.208,,12.875,,12.67,0.0031,,,,,,,,,,,,,,,,,4154.186,4.476,-0.7824,0.8492,0.6153,0.823,0.4908,0.3321,0.6918,MARCS,0.0
67429856973800960,true,true,true,166.6819855805363,-20.38044282119573,59.19420155659745,0.10977205,26.34995789873852,0.069135286,7.99832033666889,0.114481844,19.977713759884576,0.15977296,-49.13510481474466,0.091614634,0.028383987,0.087885365,-0.045159917,-0.13979134,0.10102189,-0.16201997,0.06518046,0.54108334,0.033750065,-0.18915893,17.379906,19.445452,16.02439,0.0011328551661174667,0.04695522925880914,0.004213691427704421,,,1.118756,0.58150744,95,3.4210625,1.3555164,13.984,13.372,13.052,0.027,0.034,0.032,19.8976,0.0101,18.5913,0.0066,16.6685,0.0029,15.765,0.0031,15.3227,0.0063,,,,,,,,,,,,,,,,,3124.9119,4.9251,0.1932,1.3865,0.8226,1.3266,0.7276,0.5993,0.3245,MARCS,0.0
66951466337428480,true,true,true,165.99260026793954,-22.30388868025098,57.21790500711882,0.08069863,25.375515207081115,0.042941995,6.659725300304907,0.07898875,17.51634670364892,0.10728352,-40.92145648568612,0.057786826,-0.117942184,-0.01158101,-0.2547605,-0.38860518,0.096624486,0.0036915678,0.01788346,0.4390709,0.32290113,-0.14238928,17.001446,18.88575,15.705547,0.0011003926481601353,0.0213940282222556,0.004035026883691306,,,1.0323986,0.13971627,31,3.1802025,1.2958984,13.771,13.165,12.873,0.024,0.023,0.027,19.2041,0.0174,17.9269,0.0083,16.2968,0.0027,15.502,0.0041,15.129,0.0031,,,,,,,,,,,,,,,,,3279.2856,4.8782,0.0995,1.2663,0.7809,1.2128,0.6772,0.5356,0.3742,MARCS,0.0
65212932294091264,true,true,true,166.64639845401766,-23.545430645295074,56.788355136999364,0.04149312,24.05197806630918,0.03835119,7.303127989157264,0.042878542,19.443262497972405,0.053262614,-43.83037106514393,0.047040492,0.45423755,0.46416417,0.09164674,-0.1305476,0.188574,-0.14926101,0.2022149,0.38327944,-0.0040666303,-0.18318515,15.380993,16.784214,14.205992,0.0010382344777819124,0.01067650470842428,0.002955910614593187,,,0.98439646,0.0,31,2.5782223,1.1750011,12.591,11.917,11.717,0.026,0.03,0.025,17.1735,0.0158,15.9499,0.0033,14.6884,0.0013,14.1081,0.0048,13.82,0.0022,,,,,,,,,,,,,,,,,3441.2954,4.5089,-0.5268,0.8416,0.5496,0.8076,0.4623,0.3454,0.5209,MARCS,0.0
65544538129847936,true,true,true,168.92620322650583,-22.380157476853324,59.330591983935534,0.07909478,23.460322675022162,0.049928796,7.140164284709472,0.08816251,18.178372451726833,0.09501135,-43.71991150931614,0.062821,0.15819336,0.14823994,0.37739146,0.008011486,0.111937724,-0.069781154,0.15893446,0.5955827,0.1983534,-0.13003704,17.184761,18.993847,15.886567,8.547473053509401E-4,0.032751005999517975,0.0033051568701227448,,,1.0169874,0.076020174,31,3.1072798,1.2981939,13.989,13.401,13.085,0.03,0.035,0.036,19.4086,0.0181,18.1182,0.0093,16.4604,0.0013,15.6871,0.003,15.3166,0.0057,,,,,,,,,,,,,,,,,3258.4243,4.9049,0.065,1.2576,0.774,1.2023,0.6722,0.5301,0.3521,MARCS,0.0
68195598101454336,true,true,true,165.0408866939689,-25.032492158416446,54.51024535830732,0.0517437,23.909656490716014,0.039325785,7.510715182625756,0.060642127,21.55407134628564,0.06610711,-44.709096962151094,0.049307425,0.23082393,0.10863774,0.20219766,-0.17019649,0.045164872,-0.3113898,0.053384013,0.2942068,0.14571503,-0.12862627,16.495232,18.144897,15.260658,8.643609718456353E-4,0.016616271382408496,0.002736130918975903,,,1.0644646,0.07224563,31,2.8842392,1.2345734,13.45,12.849,12.581,0.022,0.026,0.024,18.5213,0.0105,17.2485,0.0048,15.7872,0.0039,15.1119,0.0045,14.7745,0.003,,,,,,,,,,,,,,,,,3181.6255,4.2371,-1.0741,0.8429,0.5301,0.8038,0.4552,0.3486,0.3803,MARCS,0.0
68653201097557888,true,true,true,164.1185662700942,-23.550140269477733,54.870807836314235,0.04180312,25.58202091995025,0.029855605,8.148473135242364,0.043191172,23.341685276435093,0.052672334,-50.01843932868205,0.03806637,0.07840323,-0.04132399,-0.08122885,0.0024910406,-0.024766864,-0.037124466,0.033033527,0.4311974,0.08414962,0.16399132,15.461283,16.957909,14.268449,0.0010733927916628686,0.007727900135758881,0.002676989924047254,,,1.2765626,0.16933545,31,2.6894598,1.1928339,12.603,11.988,11.735,0.027,0.034,0.02,17.3395,0.0154,16.0843,0.0042,14.7634,0.0024,14.1492,0.0022,13.8633,0.0038,,,,,,,,,,,,,,,,,3461.5483,4.7818,0.0176,0.8972,0.5804,0.8624,0.4906,0.3718,0.4584,MARCS,0.0
64798038452412928,true,true,true,167.28563777656777,-24.847183676250836,56.301887263098536,0.04794089,22.69730741222624,0.042886797,7.290828186403347,0.05517477,19.383744770885322,0.06313525,-46.04101016663466,0.053323645,0.32908705,0.2552362,0.030230427,-0.026324311,0.22255705,-0.37661672,0.26361662,0.4487492,-0.09564909,-0.20522875,16.174246,17.795897,14.936455,0.0027504117281998692,0.013532172248064677,0.006410126533330653,,,1.0635617,0.070526935,31,2.8594418,1.2377911,13.19,12.535,12.267,0.022,0.024,0.018,18.1013,0.0111,16.8244,0.0071,15.458,0.0046,14.766,0.004,14.449,0.0047,,,,,,,,,,,,,,,,,3330.9124,4.6386,-0.3763,1.0527,0.6671,1.008,0.5703,0.4377,0.4266,MARCS,0.0
71216093982249984,true,true,true,162.8554355486736,-22.968920138183933,54.29996930888751,0.07802629,26.77452362874685,0.07641218,7.088259937260913,0.08305905,20.566766857740184,0.103877686,-43.83094889305366,0.09450877,0.48650327,0.4242114,0.069049984,0.16454077,0.45268962,-0.25855398,0.4477501,0.7074746,0.06843293,-0.04486651,16.33459,18.170502,15.038034,0.0010012402206576846,0.015178952546707489,0.002121610633150341,,,1.2821684,0.37862825,31,3.1324673,1.2965565,13.123,12.543,12.281,0.024,0.023,0.021,18.5412,0.0131,17.2561,0.0038,15.6078,0.0048,14.8452,0.0017,14.4695,0.0031,,,,,,,,,,,,,,,,,3276.8022,4.5873,-0.1014,1.3205,0.8172,1.2637,0.7075,0.5562,0.5128,MARCS,0.0
65165653294149760,true,true,true,166.6826005090043,-24.238464115837328,56.30591985851103,0.051779393,23.51671671299534,0.03866537,7.172780984631883,0.056789428,20.675289820301945,0.067311436,-44.85616584762688,0.04661371,0.12983498,0.20999335,-0.009922535,-0.080364086,0.031228198,-0.052034058,-0.0036826509,0.32857755,-0.04426377,-0.107324354,16.157358,18.058023,14.853676,0.001924824878126402,0.022832744640702955,0.006514815104935383,,,1.0579132,0.1297786,31,3.2043476,1.3036823,12.883,12.209,11.91,0.021,0.023,0.018,18.5066,0.0148,17.0806,0.0034,15.443,0.0038,14.6506,0.0012,14.2554,0.0031,,,,,,,,,,,,,,,,,3314.854,4.4181,-0.4058,1.8266,1.1326,1.7349,0.9808,0.7542,0.5542,MARCS,0.0
64720625961541120,true,true,true,166.00143373635356,-25.4062305842406,54.95722061120645,0.07220195,23.057154492976068,0.049453773,7.377781072221634,0.077160925,21.08794984606338,0.08890826,-44.74821299693124,0.06239279,0.12271386,0.05137356,0.15133747,-0.22805685,-0.023205135,-0.1850588,-0.025787923,0.19431192,0.067368925,0.046362393,16.829,18.634464,15.547223,0.0011238508657969203,0.025673992042083555,0.0027959802946682837,,,1.0294747,0.1507088,31,3.0872412,1.2817774,13.667,13.068,12.805,0.022,0.026,0.026,19.0659,0.0106,17.775,0.0054,16.1247,0.0049,15.3434,0.0033,14.9685,0.0021,,,,,,,,,,,,,,,,,,,,,,,,,,,0.0
66761903659793152,true,true,true,166.6466967138447,-22.609677175843892,57.48251419167079,0.028570643,24.741904532006497,0.017459266,7.531095617508779,0.029123874,20.01171871162373,0.036420576,-45.628015653581286,0.02294662,-0.014026881,0.043772075,0.16093718,-0.19255206,-0.0068358383,-0.031800088,-0.023549033,0.49325934,0.1328517,-0.112729944,15.173774,16.563791,14.01304,4.7140280054282896E-4,0.004481284665458484,0.0012184017268352595,4.806174,6.8137197,1.0768366,0.0696839,31,2.5507517,1.1607342,12.377,11.746,11.522,0.021,0.02,0.019,16.9539,0.0025,15.7145,0.0056,14.4876,0.0018,13.9174,0.0021,13.6583,0.002,,,,,,,,,,,,,,,,,3482.1443,4.5971,-0.3738,0.8003,0.5254,0.769,0.4406,0.3284,0.527,MARCS,0.0
65963348980559616,true,true,true,168.97456582175022,-21.501135592229897,60.03762711608223,0.07400604,24.056931001364156,0.04844359,7.771396574481468,0.08912477,19.04280374895915,0.085099496,-48.45732311959461,0.061908472,0.21899718,0.07387833,0.30129224,-0.116853304,0.03128611,-0.341382,0.19465764,0.6444091,-0.050240792,-0.40904707,17.04558,18.836628,15.762746,9.077847929533751E-4,0.024779995574974067,0.0036469049075870123,,,1.008169,0.0,31,3.073882,1.282834,13.902,13.28,13.023,0.026,0.031,0.03,19.2466,0.0072,17.9235,0.0028,16.3241,0.0032,15.5799,0.0043,15.2223,0.0052,,,,,,,,,,,,,,,,,3281.7944,4.9407,-0.1049,1.3339,0.828,1.2692,0.7165,0.5528,0.3172,MARCS,0.0
68192093408157568,true,true,true,165.04251015551242,-25.21746675763403,54.379519768679884,0.11558426,23.768517685003715,0.08988476,7.084015627498157,0.12157844,20.392608814317313,0.18130052,-42.6436550971227,0.12672935,-0.2105367,-0.0391622,-0.15675917,0.26482376,-0.116579756,-0.027281668,-0.101799786,0.38722873,-0.26276958,0.21517612,17.612053,19.473457,16.31107,0.0014034009193671004,0.05289520973807197,0.004542488118199806,,,1.0676186,0.36807555,31,3.1623878,1.3009834,14.424,13.862,13.477,0.029,0.029,0.036,19.9522,0.0411,18.6036,0.0069,16.8913,0.0042,16.0964,0.0026,15.7189,0.0075,,,,,,,,,,,,,,,,,3176.7822,4.9759,-0.0523,1.0721,0.6533,1.0232,0.5705,0.4526,0.2809,MARCS,0.0
70200935512668800,true,true,true,164.14000748694994,-22.710925652629655,55.4953184075574,0.04402189,26.205753750089364,0.027624331,7.042131602648405,0.04379681,19.524101171738504,0.05992522,-44.17768915147208,0.037627,0.028073588,-0.039688792,-0.03984317,-0.38589886,0.14815396,-0.086738795,0.16759093,0.20215064,0.20768456,-0.09017091,15.668273,17.172287,14.480289,0.001302240926200739,0.008312965641249167,0.0027207668322997993,29.982038,11.290683,0.84203464,0.0,31,2.6919975,1.1879835,12.854,12.174,11.955,0.024,0.032,0.023,17.5435,0.006,16.297,0.0039,14.966,0.0032,14.3685,0.0034,14.0701,0.0025,,,,,,,,,,,,,,,,,3514.624,4.7679,0.0407,1.0518,0.6831,1.0093,0.5765,0.4328,0.4802,MARCS,0.0
69964879813013248,true,true,true,165.6079053454689,-22.423088433774574,56.83709232128784,0.021360595,25.525638838893478,0.013701376,7.44663752434784,0.02141899,19.303587860106475,0.031532314,-45.56852791313415,0.018631194,-0.07083794,-0.010808787,-0.25688758,-0.18175831,0.18741074,-0.24967884,0.16353889,0.3737112,0.037211467,-0.14320503,9.696473,9.988295,9.23546,5.444687811975604E-4,9.263608704420902E-4,8.895597473330978E-4,8.280799,2.2508507,1.1370097,0.110115856,31,0.7528343,0.46101284,8.72,8.463,8.435,0.026,0.055,0.033,9.906,,9.628,,9.557,,9.562,,9.571,,,,,,,,,,,,,,,,,,6079.6333,4.18,-0.4448,0.157,0.134,0.167,0.0944,0.0725,1.2734,MARCS,0.0
64997187496822912,true,true,true,167.295071760948,-23.562118785010224,57.254848933906466,0.13386823,23.637477098863307,0.08900404,7.406563177256344,0.15276346,19.64784256494785,0.1728733,-45.61113132238155,0.11567833,0.13641936,-0.016260909,0.3233562,-0.03365384,-0.09025039,-0.32871932,-0.032879498,0.4972194,0.09527749,-0.2942851,17.813745,19.713297,16.480227,0.001509520501112551,0.07215488340886501,0.006938775335179542,,,0.8294257,0.41628218,95,3.2330704,1.333519,14.52,13.924,13.573,0.028,0.045,0.036,20.2854,0.0272,18.9403,0.0101,17.1072,0.0051,16.2576,0.003,15.8294,0.0063,,,,,,,,,,,,,,,,,3092.4253,4.974,0.0735,0.9186,0.5483,0.8807,0.4835,0.3972,0.2775,MARCS,0.0
71036358190950528,true,true,true,162.90891660499378,-22.813413465157844,54.45395435496845,0.060469244,26.86241472790667,0.0427885,7.788669417247223,0.065406926,21.237353457539,0.09433414,-47.64579595620773,0.061415695,0.034950413,0.08919931,-0.08714668,-0.16003254,0.07292605,-0.050316416,0.042954102,0.30146137,0.21373357,0.022746256,16.516937,18.266525,15.247957,0.001982672749375672,0.01977027840636107,0.004820339558550534,,,0.99328035,0.0,31,3.018568,1.26898,13.408,12.868,12.592,0.024,0.027,0.026,18.6151,0.0136,17.3113,0.0077,15.7913,0.0047,15.0612,8.0E-4,14.7185,0.004,,,,,,,,,,,,,,,,,3283.7317,4.8928,0.0531,0.9605,0.5986,0.9221,0.516,0.4061,0.3626,MARCS,0.0
65244749411766528,true,true,true,166.2093873311329,-23.97564124521681,56.14763096345229,0.01618071,24.001134217971668,0.012406072,7.328443682577038,0.018997936,21.423837772886003,0.020184925,-45.87308933879669,0.01540891,0.29630053,0.16967408,0.22270812,-0.17659414,0.00584971,-0.30719957,0.031745225,0.27317044,0.08865738,-0.13479556,13.679698,14.571675,12.749762,5.243635184765783E-4,0.002368451414414973,0.001500206350241472,3.065213,2.2203681,1.1517475,0.038573,31,1.8219137,0.9299364,11.552,10.845,10.654,0.023,0.032,0.019,15.0246,0.0076,13.7833,0.026,13.267,,12.954,,12.7089,0.0051,,,,,,,,,,,,,,,,,4236.4165,4.68,0.058,0.7997,0.5803,0.7735,0.4628,0.3107,0.6185,MARCS,0.0
67278158729741696,true,true,true,166.68283358378434,-21.62941928406249,58.24497934067102,0.10108899,25.43848141011749,0.07631909,7.570511532362098,0.11671855,18.051648108880084,0.14007759,-46.658336671843564,0.10375216,0.34448045,0.25497055,0.1795125,0.04971616,0.18021308,-0.28567317,0.2938872,0.7671735,-0.14337368,-0.37250727,17.481783,19.241093,16.183466,0.001047962269451042,0.06012201950337355,0.004406946867684387,,,1.0004035,0.0,31,3.0576267,1.298317,14.244,13.611,13.333,0.028,0.042,0.03,19.7889,0.0249,18.4735,0.0064,16.7534,0.0032,15.9504,0.0033,15.5713,0.0039,,,,,,,,,,,,,,,,,3204.6208,4.9655,-0.049,1.2947,0.7902,1.2319,0.6897,0.5422,0.2923,MARCS,0.0
65297251091930624,true,true,true,166.00253887928264,-23.511124717280726,56.333272927295575,0.0731499,24.47333141898755,0.04592687,7.337793941106909,0.07710426,20.589522430997057,0.10321721,-44.03912568448305,0.060413625,0.16354853,0.1406304,-0.18512703,-0.34751457,-0.06125284,-0.21202381,-0.073292404,0.28434044,0.23021944,0.037955645,16.519524,18.264065,15.223836,0.0011205236336211497,0.025531349610432196,0.003119026464084118,,,1.0265754,0.14106262,31,3.0402288,1.2956877,13.378,12.801,12.48,0.03,0.033,0.027,18.4263,0.019,17.4226,0.0174,15.7777,0.0034,15.0473,0.0029,14.6725,0.0021,,,,,,,,,,,,,,,,,3283.0017,4.8449,0.1185,1.0811,0.669,1.0396,0.5787,0.461,0.3911,MARCS,0.0
66867800374681344,true,true,true,166.65025893062176,-22.122333226132117,57.849636200471934,0.033377476,25.097804937613382,0.018770153,7.28649632525377,0.03336538,19.06011331005313,0.042049922,-44.90507734289051,0.024295809,0.029318986,0.07044843,-0.03754732,-0.22189656,0.06906008,-0.013978586,0.043737803,0.5781679,0.1951656,-0.072700016,15.381897,16.772404,14.222671,4.680941875762071E-4,0.004072590190009324,0.0012340334216864493,1.5645334,5.249839,1.0132973,0.0,31,2.5497332,1.1592264,12.621,12.0,11.768,0.024,0.015,0.024,17.1587,0.0055,15.9089,0.0032,14.7117,0.0032,14.1316,0.0016,13.8722,0.0011,,,,,,,,,,,,,,,,,3508.9695,4.6372,-0.4167,0.9071,0.5974,0.8695,0.5005,0.369,0.4994,MARCS,0.0
65393698877913728,true,true,true,168.9866141383239,-23.40078290008639,58.60168673714938,0.07184927,22.688898820464534,0.047013108,7.218516929270328,0.082055576,19.38080260263068,0.09124236,-45.07821393358127,0.062401734,0.016788129,0.017442362,0.26135743,-0.08572249,0.013476509,-0.28940573,0.035988122,0.52806246,0.15126571,-0.31234893,17.043106,18.948141,15.750369,0.0010073461716629656,0.03315143701687127,0.004279105777370118,,,0.92976254,0.0,31,3.197772,1.292737,13.863,13.24,12.96,0.027,0.027,0.031,19.2813,0.0186,17.9701,0.0071,16.3161,0.0055,15.5427,0.0032,15.1898,0.0015,,,,,,,,,,,,,,,,,3244.6545,4.8744,-0.0213,1.3306,0.818,1.2684,0.7111,0.5571,0.3483,MARCS,0.0
69930764889482752,true,true,true,165.04296508285756,-22.83128492703264,56.10458705678782,0.10133759,25.56760995826113,0.07456987,7.320168724172881,0.11696887,20.873708971453578,0.13037333,-46.7635571412532,0.090819865,0.12711932,-0.04167845,0.18518142,-0.12837185,-0.003340219,-0.38540667,-0.04634755,0.21313503,0.21239394,-0.021733748,17.323833,19.41236,15.954043,0.0020942461774643276,0.05524103327357188,0.004497503769455929,,,1.1231356,0.48218542,31,3.4583158,1.3697901,13.912,13.303,12.955,0.028,0.036,0.033,19.8149,0.0216,18.4728,0.0053,16.5836,0.0024,15.713,0.0023,15.2648,0.0019,,,,,,,,,,,,,,,,,3202.5298,4.8586,0.2967,1.5372,0.9199,1.4759,0.8095,0.6663,0.3874,MARCS,0.0
68505110624876032,true,true,true,164.18133350882647,-24.675009430491208,54.114113047525905,0.042231597,24.687959548352808,0.03215476,7.573477587320924,0.047345955,21.944407762523845,0.054336198,-46.72745760685539,0.041319627,0.32078522,0.17636709,0.09510352,-0.14292063,0.102905534,-0.16172363,0.12307907,0.35544255,0.1902027,0.06542948,15.9734125,17.618519,14.740653,0.0010311918928079058,0.008737208194408016,0.002218369747795896,,,1.0167166,0.01770296,31,2.8778658,1.2327595,12.96,12.342,12.122,0.022,0.022,0.021,17.9141,0.0139,16.7318,0.0047,15.2679,0.0033,14.5698,0.0022,14.2498,0.0028,,,,,,,,,,,,,,,,,3375.5322,4.808,0.0796,0.99,0.6263,0.9528,0.5354,0.4175,0.4345,MARCS,0.0
66509771901085696,true,true,true,167.29811848957576,-23.165348902421325,57.5519498137871,0.068310924,23.926474495876295,0.04136965,7.457034070158453,0.075219125,20.69247400212095,0.1003207,-45.6571137814936,0.059486613,-0.020102566,0.14161259,-0.2231866,-0.13630237,0.19031411,-0.31636283,0.03856883,0.7155883,0.17579828,-0.4425477,16.25907,18.160973,14.947622,9.287290511016926E-4,0.016278586895958656,0.0024987046962756075,,,1.1878479,0.305533,31,3.2133503,1.3114471,13.033,12.458,12.166,0.023,0.023,0.023,18.527,0.009,17.2161,0.0061,15.5312,0.0027,14.7378,0.0024,14.3523,0.0016,,,,,,,,,,,,,,,,,3276.2034,4.722,0.1562,1.2737,0.7811,1.2258,0.6788,0.547,0.4707,MARCS,0.0
71917685480203136,true,true,true,162.94969591561807,-20.365410643110895,56.27610473519979,0.0662432,28.705187736051442,0.05032128,7.263388407643078,0.079931766,20.28307911103538,0.07764528,-45.40566396107964,0.062461197,0.21413115,0.17238513,0.37681183,0.10227428,0.22372575,-0.21836144,0.15127285,0.3847084,0.28029454,-0.028453983,16.71431,18.460209,15.452663,0.0010465665413256857,0.015929379166388924,0.002853855893342398,,,1.0685627,0.16117804,31,3.0075455,1.2616463,13.594,13.107,12.777,0.027,0.04,0.024,18.8039,0.0085,17.5689,0.006,15.9946,0.004,15.2743,0.0044,14.9185,0.0021,,,,,,,,,,,,,,,,,3281.616,4.8929,0.0614,0.9306,0.5798,0.8942,0.4999,0.3943,0.3629,MARCS,0.0
65210389673469312,true,true,true,166.68762321406444,-23.66267066961241,56.73249284036852,0.07151249,23.93987222950905,0.057537533,7.0041880075101695,0.08309373,19.462720083764125,0.090952,-42.19345694470355,0.07248405,0.24900055,0.27878717,0.26301807,0.01937932,0.12888509,-0.15424988,0.090232134,0.37136903,0.23742153,-0.08277449,16.523058,18.352386,15.202623,0.0013446509456987625,0.0417790923759626,0.003280688582124673,,,1.2676601,0.3142313,31,3.149763,1.3204346,13.236,12.593,12.331,0.023,0.021,0.019,18.7782,0.0062,17.47,0.0054,15.802,0.0029,14.9929,0.0037,14.5802,0.0025,,,,,,,,,,,,,,,,,3352.9282,4.7628,0.2099,1.5579,0.9597,1.496,0.8322,0.6637,0.4639,MARCS,0.0
66801623517295104,true,true,true,166.00483706702983,-23.23715293470328,56.536336992339514,0.078541815,24.675721556933823,0.050730553,7.373604115597466,0.08579178,20.873189844183816,0.10285207,-45.69153438245064,0.0658847,0.02465221,0.10062109,-0.16246395,-0.3486628,0.114668645,-0.11323342,0.04826531,0.21892768,0.30934238,-0.20066981,16.6805,18.398893,15.403146,0.00153496452942767,0.03941724279116438,0.005078269169782591,,,0.99294305,0.0,31,2.9957476,1.2773542,13.557,13.048,12.712,0.026,0.034,0.024,18.8336,0.0124,17.5722,0.01,15.964,0.0027,15.2121,0.0044,14.8629,0.0037,,,,,,,,,,,,,,,,,3280.3948,4.8856,0.0805,1.0588,0.6569,1.0163,0.5677,0.4487,0.3688,MARCS,0.0
64600813554014592,true,true,true,166.6661990703831,-26.115539463333846,54.93418011873759,0.040697034,22.12920112313305,0.031949237,7.1019984947196955,0.044233575,20.74256943499833,0.057467487,-42.9573727202379,0.04177042,0.03535626,0.0940929,0.011096261,-4.4314298E-4,-0.07293031,-0.101666555,-0.07709582,0.21880813,-0.1358999,-0.0141895,15.5468445,16.992083,14.372165,0.0013671940447298487,0.008921838685930824,0.002865592768415275,,,1.1068015,0.13729651,31,2.6199179,1.1746798,12.767,12.122,11.893,0.019,0.019,0.019,17.3465,0.0084,16.1048,0.0024,14.86,0.0042,14.2761,0.0036,13.9878,0.0036,,,,,,,,,,,,,,,,,3445.263,4.5868,-0.4674,0.8592,0.5606,0.8245,0.4718,0.3528,0.4916,MARCS,0.0
63889085934846208,true,true,true,169.02808659368108,-23.612302522581352,58.472251631731964,0.12593436,22.510271900178736,0.08018898,7.639202700746432,0.1408627,20.753872670227032,0.14959809,-47.266162612764404,0.102627546,0.12334319,0.11463579,0.23725814,-0.17277479,0.02386619,-0.16347124,0.07143433,0.51165015,0.07277628,-0.26619554,17.923689,19.979448,16.593544,0.0014217871813214566,0.0605794972355007,0.006220496809882962,,,1.0111068,0.28410193,31,3.3859043,1.3301449,14.634,13.958,13.667,0.036,0.037,0.044,20.3587,0.0247,19.0289,0.0062,17.1925,0.0035,16.3389,0.0032,15.9037,0.0076,,,,,,,,,,,,,,,,,3116.3545,4.9941,-0.0208,1.2481,0.7461,1.1876,0.6584,0.5292,0.2619,MARCS,0.0
68334617603435648,true,true,true,165.04339480825445,-24.201092027430416,55.108750574368074,0.07022436,24.536815987967344,0.056801636,7.032958583674125,0.07951452,19.971630261050457,0.094368935,-43.825132036868666,0.07680385,0.29974115,0.2209947,0.13848113,-0.13948642,-0.0074757473,-0.24569646,0.0057554506,0.1289413,-0.027663061,0.02962012,16.925804,18.581059,15.648413,0.001137510873083468,0.042525581371077606,0.004085669408333811,,,1.0286589,0.07696112,31,2.9326458,1.2773914,13.821,13.244,12.916,0.034,0.042,0.032,19.0342,0.0137,17.7922,0.0063,16.2153,0.0021,15.4783,0.0038,15.108,0.0021,,,,,,,,,,,,,,,,,3277.8872,4.909,0.0224,1.0154,0.6324,0.9726,0.5456,0.4271,0.3496,MARCS,0.0
68045583484082048,true,true,true,164.24378783313057,-25.2599328975718,53.747213282087124,0.023608262,24.204450225543543,0.01852762,7.68455152950898,0.025492858,21.451778956632786,0.039265398,-47.10639467240646,0.025227448,-0.16831486,0.07114259,-0.019486172,0.07865506,-0.1131709,-0.004290587,-0.1985921,0.3518235,-0.13466628,0.13406579,14.544645,15.738517,13.461346,9.447286306265001E-4,0.004515182156438957,0.0022744105822729756,-2.7772043,9.580679,1.0937629,0.0049462947,31,2.2771711,1.0832996,12.018,11.354,11.174,0.02,0.027,0.022,16.1323,0.0038,14.9274,0.0022,13.8987,0.004,13.4449,0.0048,13.2081,0.0036,,,,,,,,,,,,,,,,,3602.4023,4.5103,-0.5794,0.621,0.4205,0.5971,0.3471,0.2499,0.5882,MARCS,0.0
65113559634339200,true,true,true,165.80376768189345,-25.2523301164155,54.921665165578005,0.014163948,23.290687048609904,0.010934559,7.243609046567632,0.015707852,21.292095189450617,0.01972965,-43.70881158081545,0.014262766,0.022245143,0.03589585,0.0475997,-0.062823705,-0.1195447,-0.25904676,-0.079435445,0.13894226,-0.16604233,0.049731255,9.810571,10.083867,9.372724,3.664115820863632E-4,0.0010679055754997488,7.487633621533756E-4,6.908269,0.81263316,0.8472086,0.05646314,31,0.7111435,0.43784714,8.92,8.686,8.634,0.02,0.02,0.019,10.13,,9.862,,9.779,,9.765,,9.77,,,,,,,,,,,,,,,,,,6055.7964,4.2763,-0.2259,0.0297,0.0254,0.0315,0.0179,0.0137,1.1788,MARCS,0.0
64987876007763968,true,true,true,167.30476373661247,-23.830078879430534,57.06355849715922,0.061382998,23.434685520365303,0.04967288,7.353462097116693,0.07306821,18.67680196333135,0.07998351,-45.76653225878188,0.06677032,0.52176356,0.24548377,0.31238598,-0.047899116,0.16471827,-0.3089254,0.29044405,0.52580065,0.036481965,-0.13918202,16.418585,18.037115,15.171599,0.0013486593282035942,0.017965520939554832,0.0039809793417051155,,,1.0564281,0.12639806,31,2.8655157,1.2469854,13.398,12.839,12.548,0.027,0.028,0.026,18.3882,7.0E-4,17.1975,0.0093,15.7135,0.004,15.0186,0.0018,14.685,0.0032,,,,,,,,,,,,,,,,,3315.613,4.7589,-0.2677,0.9925,0.6265,0.9507,0.5367,0.4141,0.3825,MARCS,0.0
71056252479453056,true,true,true,163.03301411926995,-22.724804718137765,54.61606337251374,0.09541801,26.856931797117696,0.065393835,7.0861817693181415,0.09674208,20.1204783360033,0.12709774,-45.02501870256141,0.08699747,0.078120574,0.07079171,0.03792674,-0.2647478,0.27900034,0.1234368,0.29224065,0.36140335,0.20593938,0.04523635,16.93793,18.805096,15.645228,0.0013071022251751757,0.022842514770917262,0.002425165708776469,,,1.0791752,0.3111628,31,3.1598673,1.2927008,13.745,13.132,12.883,0.027,0.033,0.026,19.1974,0.0111,17.9238,0.0049,16.227,0.0027,15.4365,0.0018,15.0555,0.0024,,,,,,,,,,,,,,,,,3214.366,4.8997,0.138,0.9641,0.5896,0.928,0.513,0.415,0.3529,MARCS,0.0
65129506848731136,true,true,true,166.2215007820836,-24.63456143028269,55.67669619215472,0.013653797,23.502637215949306,0.009223659,8.309649468736074,0.015397128,22.295339381875124,0.015808612,-50.837766852324926,0.011479506,0.25050613,0.16195272,0.25563595,-0.18368375,0.06201528,-0.12976298,0.10464036,0.37064865,0.13543592,-0.10101056,12.169894,12.770027,11.423228,0.002015552456467474,0.007565473980462775,0.005457138387197295,9.913827,6.3034577,0.995228,0.050285522,31,1.3467989,0.74666595,10.344,9.821,9.675,0.022,0.021,0.022,13.159,,12.295,,11.871,,11.602,,11.475,,,,,,,,,,,,,,,,,,4741.182,4.5418,-0.6732,0.4716,0.3669,0.4751,0.278,0.1971,0.7235,MARCS,0.0
